                   0                     1
                   1             0.9691014
                   2            0.90261601
                   3            0.81743338
                   4            0.72501025
                   5            0.63282642
                   6            0.54580492
                   7            0.46647866
                   8            0.39593637
                   9            0.33432692
                  10             0.2810615
                  11            0.23530262
                  12            0.19643088
                  13            0.16411019
                  14             0.1379297
                  15             0.1174361
                  16            0.10175561
                  17           0.089866893
                  18           0.080830067
                  19           0.073646549
                  20           0.067624428
                  21           0.062586417
                  22           0.058189163
                  23            0.05376717
                  24           0.049574477
                  25           0.045616893
                  26           0.041717427
                  27           0.038079893
                  28           0.035310618
                  29           0.033370623
                  30           0.032426537
                  31           0.032387549
                  32           0.032785416
                  33           0.033906835
                  34           0.035673058
                  35           0.037929774
                  36           0.040367636
                  37           0.042167955
                  38           0.042816453
                  39           0.041732421
                  40           0.039249989
                  41           0.035462507
                  42           0.030904256
                  43           0.026177595
                  44           0.021646488
                  45           0.017671503
                  46           0.014844221
                  47           0.013461885
                  48            0.01301972
                  49           0.013267417
                  50           0.013870299
