                   0                     1
                   1            0.99052215
                   2            0.96946144
                   3            0.93980159
                   4            0.90396126
                   5            0.86394343
                   6            0.82133273
                   7            0.77743758
                   8            0.73322662
                   9            0.68933386
                  10             0.6462873
                  11            0.60454692
                  12            0.56441105
                  13            0.52609295
                  14            0.48988134
                  15            0.45588788
                  16            0.42418778
                  17            0.39468253
                  18            0.36733649
                  19            0.34210863
                  20            0.31881908
                  21            0.29737575
                  22             0.2776398
                  23             0.2595206
                  24            0.24287588
                  25            0.22748799
                  26            0.21336558
                  27            0.20039932
                  28            0.18840963
                  29            0.17732575
                  30            0.16699169
                  31            0.15738856
                  32            0.14837926
                  33            0.13986736
                  34            0.13175327
                  35            0.12395112
                  36            0.11650023
                  37            0.10937102
                  38            0.10240652
                  39           0.095516064
                  40           0.088679625
                  41           0.081990177
                  42           0.075508662
                  43           0.069331491
                  44           0.063511609
                  45           0.057922028
                  46           0.052537728
                  47           0.047353202
                  48           0.042362524
                  49           0.037601759
                  50           0.033147401
