0.052828
0.817621
0.112980
0.781426
0.641163
0.380535
0.966002
0.020966
0.255440
0.353374
0.156987
0.449355
0.975677
0.147069
0.000519
0.981079
0.984802
0.934050
0.315928
0.648671
0.212867
0.340464
0.474990
0.085360
0.014527
0.039369
0.748131
0.111270
0.535691
0.275185
0.855892
0.703909
0.926115
0.850978
0.131565
0.135258
0.053865
0.610157
0.201636
0.555864
0.878170
0.943510
0.589740
0.807367
0.136174
0.352580
0.150914
0.744926
0.501205
0.601367
0.742241
0.850673
0.867244
0.486770
0.035798
0.419263
0.917081
0.759850
0.880734
0.097232
0.629658
0.228187
0.120151
0.056795
0.883389
0.571734
0.269601
0.585894
0.811060
0.902249
0.962920
0.375317
0.063234
0.598560
0.571917
0.284646
0.636097
0.448195
0.906339
0.867611
0.419660
0.627094
0.399915
0.438612
0.123478
0.548204
0.689230
0.961669
0.735099
0.110752
0.991089
0.542497
0.168065
0.381024
0.185339
0.805780
0.255959
0.235969
0.008759
0.938231
0.747856
0.001099
0.266610
0.678793
0.462294
0.613666
0.468001
0.037751
0.255837
0.342387
0.791375
0.025147
0.962065
0.595477
0.786279
0.170598
0.957457
0.847224
0.717704
0.115146
0.510849
0.215400
0.959349
0.056612
0.572130
0.720267
0.341716
0.329966
0.156438
0.756127
0.861995
0.903470
0.980712
0.807459
0.660848
0.071993
0.508164
0.940275
0.673757
0.129368
0.057253
0.099857
0.861995
0.299844
0.131535
0.747002
0.429884
0.710959
0.626179
0.862606
0.935026
0.688559
0.067843
0.853389
0.696890
0.155492
0.544176
0.388714
0.410871
0.414777
0.478561
0.700705
0.373424
0.098972
0.907376
0.378124
0.224921
0.566912
0.414960
0.186010
0.616230
0.528550
0.383312
0.941588
0.705313
0.180181
0.712577
0.978393
0.890561
0.630146
0.667989
0.229347
0.686056
0.897000
0.010773
0.460402
0.146275
0.261269
0.067812
0.685476
0.745506
0.251869
0.897427
0.294595
0.118564
0.048555
0.206763
0.926298
0.569506
0.581713
0.178014
0.614826
0.753594
0.110477
0.858333
0.244667
0.439772
0.560991
0.270791
0.842586
0.759362
0.405042
0.902524
0.738762
0.847133
0.361797
0.725700
0.128544
0.281503
0.702292
0.408032
0.065798
0.229713
0.439100
0.869259
0.418928
0.704123
0.182043
0.839137
0.821314
0.836421
0.940886
0.574053
0.146886
0.575426
0.656728
0.387768
0.542680
0.715049
0.743217
0.153142
0.548875
0.658589
0.418683
0.430555
0.338267
0.825648
0.110508
0.379742
0.606128
0.107608
0.713157
0.110904
0.141331
0.278726
0.980682
0.631672
0.611042
0.767968
0.835688
0.045869
0.588794
0.698721
0.875149
0.160802
0.358592
0.602405
0.854976
0.158422
0.525224
0.711997
0.434217
0.487808
0.962706
0.241829
0.960417
0.634205
0.131718
0.560320
0.577044
0.921506
0.297617
0.661031
0.434736
0.003815
0.679891
0.839167
0.286935
0.203406
0.064516
0.979339
0.251839
0.349742
0.910703
0.360790
0.021424
0.277444
0.482620
0.386608
0.299203
0.638295
0.038270
0.142796
0.747459
0.184179
0.605792
0.193915
0.225684
0.176794
0.379070
0.521165
0.601459
0.080599
0.263894
0.009308
0.914212
0.195471
0.605518
0.388714
0.174596
0.384594
0.629231
0.038606
0.579272
0.554674
0.625080
0.558214
0.423017
0.044313
0.407880
0.511246
0.489731
0.576678
0.084017
0.250862
0.202734
0.932981
0.656148
0.230873
0.316446
0.002869
0.496597
0.709403
0.430036
0.368145
0.221931
0.251411
0.104862
0.075716
0.998566
0.936460
0.866543
0.756493
0.811274
0.677572
0.872829
0.745903
0.726341
0.557848
0.529283
0.363048
0.679525
0.590808
0.833003
0.004059
0.820978
0.810877
0.726096
0.206091
0.947966
0.100040
0.240638
0.338298
0.056795
0.657460
0.715445
0.076296
0.545061
0.517411
0.866420
0.315714
0.095523
0.022645
0.991882
0.681631
0.773003
0.659108
0.093722
0.289804
0.365154
0.157781
0.196020
0.916532
0.499008
0.271096
0.641743
0.232246
0.563738
0.128666
0.649770
0.256691
0.971770
0.579974
0.912656
0.690146
0.788446
0.429090
0.516465
0.278573
0.262795
0.968719
0.964660
0.867855
0.289315
0.718894
0.586047
0.303781
0.333018
0.777398
0.109439
0.834162
0.848415
0.687368
0.685141
0.168767
0.723960
0.229041
0.134953
0.854244
0.783349
0.041475
0.712333
0.119205
0.874233
0.480483
0.152959
0.846767
0.576525
0.619251
0.298227
0.829707
0.060945
0.797906
0.071688
0.965789
0.129002
0.627888
0.090670
0.548082
0.966216
0.857875
0.693625
0.307901
0.639180
0.007141
0.664876
0.365215
0.868313
0.172948
0.437941
0.744316
0.106906
0.917722
0.058504
0.609363
0.458357
0.642628
0.688437
0.877682
0.462355
0.354167
0.932066
0.365642
0.281533
0.228889
0.765954
0.124332
0.319834
0.883724
0.353679
0.120762
0.803613
0.757286
0.526170
0.921232
0.356883
0.509079
0.209662
0.532487
0.102206
0.842341
0.582141
0.057924
0.317911
0.656972
0.239357
0.323984
0.183386
0.938749
0.152104
0.133763
0.643391
0.291330
0.695517
0.303659
0.922880
0.516831
0.532029
0.139714
0.723472
0.151616
0.629200
0.509445
0.632618
0.363475
0.193274
0.165593
0.777184
0.116123
0.800256
0.478408
0.252113
0.007904
0.505295
0.231910
0.356090
0.690176
0.212165
0.641346
0.164769
0.272378
0.083285
0.247078
0.473403
0.619434
0.272439
0.842250
0.639515
0.948057
0.760796
0.089297
0.357677
0.628193
0.577654
0.982849
0.896847
0.595752
0.187384
0.813715
0.831935
0.282754
0.323557
0.792077
0.800653
0.471694
0.051424
0.984283
0.317331
0.979522
0.340434
0.720817
0.174291
0.578356
0.927549
0.130985
0.462386
0.058412
0.752983
0.961119
0.742210
0.840205
0.749351
0.331767
0.396527
0.041169
0.265664
0.591021
0.696127
0.404431
0.907224
0.919553
0.609241
0.994507
0.072848
0.843898
0.886776
0.066897
0.970794
0.314280
0.453902
0.018372
0.393933
0.503037
0.639882
0.822718
0.036653
0.980041
0.276650
0.859584
0.633412
0.421278
0.197974
0.542131
0.701102
0.506943
0.170354
0.649617
0.166173
0.165288
0.786584
0.771325
0.657674
0.818293
0.353557
0.768181
0.747612
0.785455
0.305582
0.658101
0.919828
0.502426
0.174169
0.831477
0.548723
0.710013
0.645772
0.002808
0.668722
0.270058
0.738670
0.805353
0.816340
0.764946
0.630207
0.434004
0.725639
0.536027
0.165746
0.243751
0.158269
0.318216
0.580554
0.709281
0.649892
0.126347
0.465468
0.651936
0.453444
0.549608
0.508560
0.140996
0.461318
0.110508
0.042879
0.974609
0.387005
0.844874
0.932463
0.147160
0.988006
0.758171
0.827204
0.209418
0.610614
0.315592
0.318339
0.927183
0.838832
0.621357
0.025513
0.145207
0.527421
0.443617
0.146611
0.262490
0.001343
0.741539
0.501877
0.225074
0.702414
0.850490
0.603320
0.442610
0.064241
0.981567
0.780969
0.535020
0.897427
0.192022
0.896664
0.315653
0.065035
0.482650
0.677267
0.916837
0.731315
0.178014
0.198218
0.464278
0.962828
0.246620
0.548753
0.206671
0.965270
0.716483
0.209662
0.506455
0.735740
0.842738
0.175878
0.598285
0.412671
0.183416
0.353832
0.521195
0.103854
0.239753
0.265633
0.131077
0.474624
0.817194
0.591327
0.599292
0.876736
0.763115
0.580126
0.303751
0.299753
0.238136
0.861904
0.519211
0.925962
0.176702
0.690725
0.812281
0.569628
0.093142
0.150792
0.547838
0.782983
0.890164
0.356944
0.413282
0.908750
0.825068
0.180212
0.366222
0.861690
0.290719
0.530320
0.912473
0.919736
0.567248
0.725761
0.120365
0.306040
0.200354
0.983276
0.277657
0.843593
0.163244
0.557634
0.597064
0.462844
0.457717
0.563036
0.877194
0.844752
0.311136
0.007355
0.524552
0.979247
0.625263
0.070650
0.843257
0.921293
0.833247
0.158940
0.998505
0.525407
0.821192
0.764733
0.560106
0.439955
0.070376
0.665365
0.032502
0.142338
0.676504
0.490463
0.277261
0.296579
0.401776
0.189978
0.234230
0.214393
0.417096
0.433515
0.848048
0.701010
0.889309
0.472945
0.605823
0.066927
0.070742
0.498886
0.592517
0.587268
0.047060
0.022614
0.469955
0.189032
0.799158
0.314798
0.286081
0.648885
0.736045
0.431898
0.520524
0.081149
0.354839
0.861782
0.272561
0.998871
0.183508
0.319712
0.998352
0.727714
0.663472
0.726249
0.702567
0.455000
0.127628
0.897458
0.992065
0.694784
0.530595
0.979797
0.896695
0.449904
0.086917
0.160161
0.863918
0.852870
0.473861
0.682760
0.833888
0.566210
0.754875
0.703360
0.800439
0.724296
0.679983
0.013367
0.764794
0.696768
0.519425
0.163884
0.488266
0.456130
0.086703
0.021516
0.949797
0.829707
0.107456
0.286905
0.914975
0.417707
0.590014
0.007721
0.522568
0.458693
0.354411
0.616810
0.294839
0.423292
0.375896
0.526994
0.478133
0.618030
0.098819
0.813929
0.119541
0.579791
0.377728
0.017792
0.786370
0.542863
0.201727
0.595813
0.334117
0.759301
0.857997
0.055910
0.630024
0.954222
0.691305
0.303720
0.637501
0.696890
0.115390
0.233345
0.768273
0.969329
0.032411
0.093905
0.908506
0.713187
0.316996
0.662282
0.024751
0.636616
0.521043
0.754143
0.756523
0.061983
0.455214
0.103854
0.901059
0.095981
0.803919
0.144993
0.197302
0.903104
0.429670
0.722282
0.314798
0.363964
0.522996
0.266488
0.453810
0.899777
0.254494
0.463576
0.463149
0.743736
0.084994
0.949156
0.881893
0.441420
0.390210
0.059481
0.810907
0.860439
0.555986
0.170660
0.021027
0.491440
0.200690
0.656514
0.203772
0.321268
0.680746
0.997284
0.770440
0.059603
0.535417
0.069674
0.106876
0.000580
0.027558
0.150029
0.689352
0.299966
0.436293
0.661489
0.967833
0.950194
0.257576
0.196417
0.423231
0.233314
0.969756
0.845882
0.704947
0.934324
0.519272
0.366527
0.254280
0.094913
0.183813
0.217017
0.320811
0.589984
0.968200
0.994659
0.777398
0.307260
0.190100
0.303385
0.640339
0.211982
0.411328
0.585528
0.700858
0.077486
0.370922
0.946501
0.174078
0.163091
0.076693
0.505936
0.772088
0.620350
0.711142
0.304849
0.106571
0.909299
0.507889
0.300943
0.828516
0.005524
0.255348
0.482925
0.409589
0.679800
0.583483
0.635395
0.973327
0.630604
0.689932
0.785058
0.080386
0.752312
0.661824
0.860256
0.876186
0.318522
0.049898
0.594226
0.505081
0.363201
0.850307
0.204077
0.199133
0.040223
0.551164
0.876125
0.946745
0.242561
0.399945
0.589373
0.147252
0.262551
0.547441
0.307962
0.158849
0.774468
0.225135
0.074068
0.144536
0.920591
0.612201
0.032441
0.123630
0.781976
0.547838
0.917844
0.634602
0.015412
0.745903
0.036561
0.915128
0.937498
0.667409
0.273507
0.006439
0.837031
0.707877
0.155644
0.687521
0.797754
0.854946
0.503586
0.645405
0.811548
0.473342
0.702170
0.788598
0.464125
0.372845
0.121494
0.108737
0.974242
0.815607
0.719657
0.997864
0.867611
0.619465
0.358135
0.426496
0.066927
0.012879
0.861660
0.889828
0.679128
0.398450
0.353160
0.527238
0.260903
0.680471
0.895627
0.322367
0.844600
0.313486
0.971526
0.788995
0.504318
0.727714
0.831751
0.049959
0.745109
0.287606
0.244697
0.714774
0.494980
0.440046
0.676992
0.462020
0.982147
0.207923
0.437269
0.733573
0.277963
0.686056
0.813898
0.445997
0.787591
0.695029
0.738243
0.126011
0.468398
0.249519
0.004456
0.375927
0.059053
0.997528
0.577410
0.075289
0.098910
0.286325
0.019257
0.225501
0.019959
0.011658
0.566942
0.842769
0.092410
0.906644
0.891049
0.806452
0.504654
0.425825
0.067537
0.068758
0.359722
0.881893
0.793878
0.131779
0.868618
0.989990
0.380078
0.198553
0.522263
0.476760
0.546922
0.904141
0.523515
0.910245
0.561754
0.032929
0.259651
0.406262
0.743461
0.128880
0.097598
0.368542
0.867824
0.404065
0.282418
0.917814
0.504624
0.852718
0.220618
0.166967
0.817652
0.976287
0.929624
0.998077
0.858516
0.026521
0.934111
0.497421
0.886380
0.171819
0.391461
0.705252
0.743919
0.494095
0.726432
0.836055
0.821284
0.221686
0.557115
0.625904
0.639332
0.105106
0.193060
0.962920
0.583056
0.341350
0.487136
0.457167
0.816828
0.953520
0.321696
0.106357
0.912351
0.031556
0.511307
0.713553
0.220923
0.740806
0.402356
0.212714
0.521073
0.504105
0.951262
0.559191
0.972625
0.264260
0.562609
0.340617
0.908963
0.232643
0.468032
0.764794
0.498123
0.030366
0.927702
0.180792
0.804743
0.628498
0.034852
0.789605
0.282907
0.992981
0.405713
0.700369
0.232765
0.841273
0.534776
0.988556
0.250496
0.416425
0.097751
0.912503
0.204291
0.684866
0.983154
0.944182
0.766533
0.864315
0.333048
0.770898
0.033967
0.688131
0.375561
0.923765
0.267403
0.312174
0.329081
0.189398
0.281137
0.270577
0.160314
0.461287
0.514512
0.386273
0.476882
0.186438
0.316263
0.043336
0.336131
0.064486
0.472915
0.726585
0.251076
0.154576
0.512497
0.234870
0.174841
0.046907
0.815302
0.475082
0.745048
0.255013
0.061861
0.241646
0.568926
0.484878
0.050874
0.889248
0.831080
0.937284
0.416791
0.303995
0.004273
0.299600
0.279427
0.080050
0.945616
0.583483
0.356487
0.307016
0.157903
0.464125
0.569994
0.875546
0.499252
0.278115
0.678365
0.706168
0.120365
0.335459
0.964904
0.808802
0.912107
0.702475
0.514359
0.578051
0.243721
0.111484
0.108585
0.231483
0.273721
0.154088
0.272530
0.796442
0.613941
0.413190
0.501755
0.552049
0.628468
0.691488
0.203223
0.332713
0.148686
0.991394
0.379894
0.598895
0.885495
0.403455
0.590716
0.681936
0.319987
0.559069
0.217475
0.108798
0.354015
0.803858
0.569414
0.413404
0.501755
0.748222
0.856807
0.340190
0.903439
0.350841
0.565355
0.846675
0.942625
0.191931
0.261788
0.811274
0.748436
0.091708
0.362651
0.852077
0.363475
0.731468
0.897031
0.163518
0.859279
0.432203
0.794824
0.776696
0.180120
0.748253
0.731590
0.149815
0.996826
0.031098
0.061220
0.495041
0.351054
0.620808
0.868007
0.747795
0.372723
0.819819
0.668569
0.584918
0.849971
0.306986
0.796106
0.398022
0.934629
0.146794
0.997070
0.628101
0.763421
0.050844
0.271981
0.367504
0.276284
0.047243
0.492019
0.636219
0.013611
0.214759
0.821833
0.237709
0.172735
0.637440
0.480361
0.601489
0.705985
0.236366
0.870968
0.517991
0.740471
0.634449
0.611713
0.172491
0.101810
0.710746
0.497513
0.383862
0.222449
0.000488
0.925047
0.454939
0.215918
0.597217
0.811670
0.540208
0.398541
0.712668
0.540056
0.937529
0.039369
0.551653
0.959227
0.209662
0.620380
0.657277
0.973479
0.542589
0.387036
0.383251
0.750664
0.245827
0.471725
0.649495
0.080538
0.802057
0.370312
0.636830
0.915159
0.371532
0.053560
0.577868
0.621509
0.158055
0.494736
0.299509
0.979217
0.542222
0.894192
0.673849
0.452773
0.388806
0.382702
0.633168
0.770898
0.434095
0.484451
0.906247
0.343547
0.159368
0.121067
0.131046
0.548387
0.057466
0.437880
0.500931
0.417188
0.697470
0.233802
0.600146
0.754234
0.495102
0.275857
0.585192
0.217505
0.594134
0.279733
0.367992
0.393994
0.765374
0.837733
0.957366
0.400372
0.729637
0.075045
0.614826
0.040284
0.810633
0.315989
0.981323
0.049837
0.324198
0.541093
0.830561
0.461653
0.610401
0.916501
0.606006
0.619861
0.113865
0.176946
0.396832
0.876431
0.419813
0.143468
0.510025
0.500473
0.651082
0.157109
0.294046
0.831690
0.132756
0.709891
0.371105
0.209235
0.730705
0.054170
0.933409
0.707205
0.770165
0.072298
0.260628
0.207831
0.940641
0.186438
0.113865
0.844234
0.093326
0.591418
0.163182
0.343120
0.337626
0.590594
0.104312
0.299509
0.342235
0.316843
0.621174
0.913938
0.248146
0.619343
0.850459
0.224128
0.098727
0.397565
0.504166
0.362102
0.194037
0.164098
0.306925
0.867489
0.274880
0.116886
0.903623
0.589221
0.943449
0.502670
0.894345
0.206091
0.226264
0.552721
0.152226
0.897794
0.686392
0.771844
0.081179
0.197546
0.990173
0.862606
0.968688
0.557756
0.335734
0.065035
0.091098
0.659505
0.648915
0.194037
0.726951
0.997833
0.952940
0.155034
0.734642
0.773400
0.818232
0.219520
0.850978
0.621998
0.298715
0.841609
0.366466
0.213507
0.260384
0.296731
0.334147
0.250862
0.508988
0.924100
0.967376
0.900906
0.622578
0.253639
0.383862
0.188025
0.895535
0.799188
0.351207
0.382122
0.300089
0.798761
0.191015
0.911588
0.871822
0.683493
0.497085
0.833338
0.424787
0.556261
0.824610
0.390393
0.003754
0.461257
0.006165
0.689016
0.978210
0.726066
0.251106
0.025666
0.185583
0.156926
0.684011
0.896115
0.029756
0.369091
0.479232
0.217170
0.940489
0.032929
0.247261
0.792688
0.100406
0.317423
0.829279
0.554796
0.846461
0.312204
0.155980
0.612018
0.650533
0.709342
0.327677
0.634907
0.087161
0.525956
0.570513
0.611347
0.693381
0.149541
0.226630
0.501724
0.127537
0.486251
0.433485
0.826014
0.533311
0.494400
0.648610
0.713736
0.514786
0.883755
0.676962
0.448042
0.629231
0.262001
0.355785
0.035127
0.803919
0.510178
0.554430
0.830378
0.582598
0.667287
0.644642
0.752251
0.608722
0.106265
0.097781
0.115513
0.250923
0.282266
0.365490
0.614826
0.777520
0.834193
0.699423
0.489669
0.985992
0.321207
0.067049
0.402570
0.693869
0.375256
0.819239
0.061342
0.997101
0.550707
0.265938
0.116520
0.702353
0.652638
0.816645
0.365642
0.839381
0.824885
0.841151
0.795404
0.659505
0.178991
0.907620
0.492813
0.027039
0.245552
0.553606
0.957030
0.609363
0.029054
0.246742
0.842402
0.771783
0.947386
0.690847
0.664815
0.584399
0.437422
0.134281
0.501999
0.845882
0.507981
0.836360
0.219092
0.531358
0.021088
0.348094
0.251228
0.570513
0.983184
0.764122
0.473556
0.361797
0.627186
0.600787
0.190710
0.929258
0.567034
0.458266
0.776605
0.128178
0.805536
0.121586
0.995788
0.806024
0.877102
0.257546
0.537797
0.324381
0.906461
0.363598
0.795587
0.348643
0.864589
0.124851
0.419294
0.311625
0.803308
0.835658
0.676870
0.456954
0.349406
0.041719
0.152226
0.869228
0.240120
0.059389
0.812983
0.396222
0.180486
0.527909
0.978118
0.870388
0.804468
0.651326
0.217627
0.535234
0.020753
0.285958
0.715140
0.082919
0.524735
0.529862
0.123997
0.209784
0.757439
0.970611
0.449782
0.095157
0.093204
0.247261
0.988495
0.710868
0.537156
0.083407
0.853175
0.366558
0.713431
0.446791
0.119602
0.397931
0.426038
0.992340
0.122288
0.403607
0.572954
0.444624
0.932066
0.937193
0.694998
0.076083
0.546648
0.060549
0.941008
0.937040
0.825434
0.664876
0.729789
0.993927
0.699484
0.965270
0.891140
0.832240
0.688284
0.075594
0.566118
0.079836
0.254311
0.069857
0.648854
0.207526
0.026887
0.435591
0.050020
0.862484
0.426252
0.326670
0.564379
0.391369
0.719352
0.520890
0.622730
0.709311
0.038453
0.488907
0.710105
0.170293
0.394208
0.480758
0.731040
0.596423
0.213538
0.036348
0.103458
0.121036
0.434706
0.825892
0.862392
0.002930
0.689932
0.226478
0.554491
0.067446
0.607349
0.541704
0.204993
0.930601
0.763268
0.269784
0.138340
0.662709
0.316050
0.326670
0.933103
0.048097
0.852962
0.630909
0.293313
0.096164
0.481002
0.955565
0.116977
0.961028
0.693381
0.454299
0.543046
0.925504
0.042421
0.767602
0.258217
0.605914
0.150426
0.114933
0.844600
0.033662
0.089663
0.279977
0.449873
0.770165
0.662862
0.894284
0.560778
0.711020
0.615040
0.926084
0.161504
0.736320
0.308695
0.780786
0.057985
0.862300
0.892666
0.918577
0.649525
0.051729
0.496689
0.395978
0.928861
0.338572
0.482437
0.237861
0.992157
0.423109
0.282601
0.045076
0.839778
0.394452
0.858974
0.745415
0.749657
0.735893
0.310831
0.892758
0.003723
0.269967
0.665395
0.421827
0.249611
0.198950
0.380566
0.263955
0.277871
0.897641
0.592364
0.730399
0.496902
0.614032
0.637349
0.069735
0.886105
0.734581
0.881924
0.105106
0.708914
0.770287
0.389416
0.357952
0.766839
0.719413
0.456404
0.564135
0.475723
0.963836
0.549211
0.989135
0.545640
0.354411
0.672353
0.448012
0.545305
0.642354
0.699637
0.437117
0.132847
0.912442
0.699454
0.282907
0.233558
0.174413
0.785546
0.715018
0.946287
0.769005
0.524308
0.769036
0.459548
0.744285
0.430097
0.425886
0.758782
0.859401
0.579546
0.893735
0.405652
0.371197
0.876339
0.938536
0.171026
0.260506
0.997589
0.169866
0.802728
0.054018
0.553270
0.688223
0.709128
0.898099
0.489578
0.999237
0.840236
0.040834
0.267647
0.602618
0.547136
0.378643
0.849330
0.160497
0.701376
0.223334
0.020112
0.652455
0.854976
0.946440
0.082125
0.422834
0.723319
0.656453
0.446669
0.527299
0.770867
0.565661
0.158849
0.283975
0.182287
0.202795
0.885098
0.436415
0.999145
0.127354
0.394604
0.833644
0.703848
0.302347
0.066408
0.034486
0.032685
0.781487
0.452864
0.741691
0.297830
0.866848
0.431196
0.472427
0.000946
0.393902
0.974181
0.371441
0.018708
0.299326
0.071047
0.573077
0.142216
0.128513
0.830256
0.018097
0.250649
0.638722
0.294931
0.132176
0.901547
0.154180
0.002716
0.271767
0.617664
0.829371
0.820704
0.343913
0.653188
0.476791
0.087161
0.505997
0.518815
0.115482
0.591357
0.351878
0.048494
0.896390
0.421949
0.490829
0.288278
0.560839
0.216498
0.924802
0.988464
0.088931
0.842097
0.131260
0.980743
0.693075
0.038911
0.257179
0.221259
0.813746
0.058260
0.330485
0.781152
0.273446
0.825678
0.895413
0.565081
0.245125
0.660695
0.978088
0.040223
0.191198
0.084750
0.788171
0.755730
0.429640
0.747948
0.063356
0.934599
0.483200
0.006348
0.462508
0.919218
0.868130
0.180944
0.913755
0.751610
0.478439
0.029359
0.324381
0.669515
0.222510
0.461898
0.557848
0.799951
0.067476
0.032746
0.084689
0.831172
0.148198
0.238105
0.213843
0.944456
0.097140
0.151921
0.309824
0.786889
0.250832
0.430921
0.902890
0.766442
0.889950
0.220099
0.097598
0.450362
0.168371
0.989685
0.187078
0.348735
0.888577
0.834956
0.877987
0.863735
0.778222
0.270486
0.033174
0.686087
0.425581
0.049623
0.338786
0.420392
0.529099
0.040376
0.800470
0.719932
0.617756
0.689566
0.476699
0.712577
0.898282
0.105899
0.354228
0.998932
0.385723
0.293588
0.772759
0.003967
0.973449
0.567309
0.304086
0.963805
0.598560
0.680441
0.493362
0.327555
0.159764
0.697195
0.367138
0.857753
0.343089
0.140202
0.115940
0.208014
0.012024
0.444685
0.856349
0.261483
0.318674
0.250679
0.879788
0.009552
0.191504
0.564165
0.293741
0.253365
0.356609
0.318766
0.461776
0.908506
0.548143
0.369152
0.148747
0.194586
0.064638
0.446974
0.777245
0.490982
0.327403
0.111362
0.701559
0.139409
0.596637
0.224616
0.905667
0.975585
0.502518
0.984527
0.031129
0.870144
0.546861
0.044465
0.141453
0.060915
0.231391
0.753166
0.128819
0.557421
0.969787
0.044008
0.169836
0.398511
0.438612
0.006806
0.136387
0.045351
0.524461
0.671926
0.367595
0.690146
0.522568
0.038636
0.709494
0.761773
0.744072
0.879330
0.228675
0.410749
0.187353
0.349498
0.505753
0.253121
0.430464
0.936460
0.915281
0.155950
0.400006
0.776727
0.798212
0.344859
0.173742
0.873867
0.933348
0.614856
0.472304
0.248115
0.213538
0.926511
0.996735
0.548845
0.933561
0.167455
0.267953
0.160955
0.595325
0.361827
0.124485
0.336955
0.637013
0.107547
0.534562
0.385632
0.992370
0.524003
0.878933
0.448317
0.886013
0.490249
0.360668
0.894803
0.771874
0.455794
0.698263
0.869045
0.819849
0.604694
0.757836
0.017121
0.857967
0.654592
0.281533
0.927671
0.175604
0.071627
0.367534
0.316385
0.094607
0.982757
0.858303
0.486465
0.713919
0.566240
0.293374
0.095065
0.734336
0.202551
0.582904
0.758080
0.769799
0.165563
0.057955
0.523667
0.051027
0.136540
0.054231
0.746666
0.928282
0.321360
0.685080
0.394177
0.078646
0.452589
0.960204
0.314402
0.825434
0.457625
0.906522
0.499313
0.474258
0.074007
0.847072
0.873012
0.073885
0.193304
0.494339
0.636341
0.506363
0.214789
0.014344
0.699942
0.313852
0.190008
0.717765
0.235847
0.168157
0.039735
0.534013
0.879971
0.388714
0.624531
0.925199
0.615802
0.415967
0.949644
0.395215
0.871487
0.645924
0.286569
0.251350
0.860439
0.532334
0.491348
0.773705
0.697958
0.362682
0.301492
0.449202
0.324046
0.614338
0.893002
0.426405
0.764367
0.296823
0.477828
0.847072
0.760094
0.186987
0.224189
0.211005
0.298502
0.362590
0.280007
0.430555
0.074862
0.941435
0.181127
0.730430
0.417463
0.431318
0.425947
0.049715
0.706595
0.598163
0.496689
0.102237
0.819056
0.257302
0.109806
0.750999
0.629231
0.895444
0.975707
0.853511
0.098086
0.528520
0.849666
0.234230
0.981445
0.702475
0.155004
0.940001
0.688070
0.042512
0.959960
0.434828
0.320414
0.257759
0.588733
0.890866
0.427198
0.007050
0.649373
0.230598
0.500900
0.532334
0.758293
0.078127
0.750145
0.465987
0.743492
0.273965
0.178991
0.718039
0.607654
0.111332
0.504135
0.850002
0.032197
0.948912
0.941099
0.840846
0.703513
0.356914
0.390728
0.652364
0.242683
0.452895
0.057772
0.499069
0.020295
0.582812
0.031831
0.229804
0.636830
0.004212
0.862789
0.726768
0.350566
0.727927
0.661397
0.728263
0.233985
0.173650
0.756829
0.981872
0.339885
0.796808
0.441694
0.133518
0.658620
0.341807
0.836604
0.259560
0.147252
0.879055
0.404736
0.447218
0.612903
0.280923
0.148503
0.330576
0.730033
0.293832
0.018677
0.987548
0.974517
0.861995
0.567858
0.104434
0.754265
0.859523
0.379284
0.814844
0.519089
0.886868
0.302438
0.117710
0.129704
0.288095
0.026246
0.282693
0.268136
0.045106
0.021699
0.147343
0.170110
0.704855
0.384655
0.713553
0.461409
0.996277
0.610492
0.948881
0.378307
0.292734
0.831385
0.199377
0.154759
0.576647
0.548021
0.119816
0.856349
0.061953
0.386456
0.527757
0.442793
0.131504
0.911771
0.087832
0.340617
0.744652
0.029511
0.232337
0.306345
0.972106
0.006409
0.224158
0.862209
0.814081
0.641285
0.768883
0.085330
0.957579
0.617725
0.081698
0.031770
0.629566
0.569750
0.815851
0.576373
0.202124
0.891385
0.758415
0.950011
0.705710
0.821802
0.700247
0.755333
0.906980
0.837031
0.385632
0.742393
0.107089
0.879543
0.948546
0.125034
0.317362
0.457045
0.741264
0.719810
0.967742
0.141636
0.962188
0.688101
0.804773
0.500565
0.988128
0.163366
0.135594
0.989929
0.818567
0.544206
0.073611
0.842372
0.537126
0.734703
0.942320
0.480483
0.196844
0.113163
0.493667
0.486618
0.035707
0.511063
0.097354
0.660451
0.428541
0.982330
0.556749
0.196020
0.481094
0.645558
0.707999
0.509018
0.673482
0.379254
0.458937
0.745598
0.458357
0.652211
0.423444
0.504196
0.220496
0.269478
0.807642
0.801569
0.504013
0.316141
0.704642
0.813959
0.913266
0.079104
0.453444
0.425275
0.594043
0.228889
0.218665
0.112766
0.700980
0.042451
0.447310
0.202155
0.757378
0.948241
0.358379
0.022980
0.314249
0.174688
0.122532
0.995636
0.814020
0.783685
0.886837
0.181219
0.065859
0.869625
0.301828
0.325877
0.238411
0.206336
0.706809
0.929868
0.776513
0.122105
0.629261
0.373913
0.147740
0.884426
0.755425
0.633229
0.825617
0.375988
0.027375
0.610462
0.415082
0.342967
0.023652
0.619312
0.327067
0.996582
0.279183
0.049715
0.907865
0.249428
0.700827
0.745903
0.430067
0.368267
0.735191
0.128452
0.850978
0.323496
0.444166
0.592120
0.744865
0.617420
0.145421
0.209784
0.315226
0.872402
0.773278
0.274819
0.893551
0.959777
0.616535
0.712180
0.830470
0.951140
0.589770
0.890042
0.185797
0.673208
0.693747
0.863216
0.123875
0.147404
0.821772
0.579241
0.419813
0.695425
0.567888
0.078646
0.983520
0.992035
0.193335
0.220862
0.807794
0.846553
0.407453
0.966308
0.246132
0.993896
0.119144
0.746757
0.027039
0.676809
0.815638
0.954802
0.910916
0.300211
0.723991
0.083438
0.395611
0.939238
0.412397
0.547655
0.377422
0.981750
0.987182
0.718619
0.173009
0.687185
0.541398
0.202155
0.809107
0.942686
0.012177
0.892575
0.986084
0.997223
0.102054
0.833155
0.621418
0.456130
0.421247
0.414502
0.379742
0.316446
0.506760
0.942106
0.095218
0.324137
0.874752
0.104068
0.492874
0.435530
0.762535
0.370891
0.114994
0.662801
0.715812
0.857692
0.858913
0.086062
0.678426
0.680807
0.032105
0.312387
0.739830
0.339854
0.331706
0.163396
0.197333
0.156285
0.653218
0.872707
0.088961
0.299814
0.136418
0.574206
0.853206
0.434126
0.353343
0.362987
0.271828
0.512772
0.045167
0.709189
0.352763
0.757012
0.314371
0.507248
0.307779
0.346232
0.677877
0.540696
0.282907
0.852748
0.888180
0.644398
0.996612
0.951689
0.927946
0.345378
0.942534
0.437941
0.084902
0.263314
0.313028
0.080660
0.513138
0.051943
0.299539
0.347087
0.186499
0.163030
0.926237
0.526505
0.651448
0.213630
0.073000
0.286294
0.484573
0.238014
0.844386
0.190405
0.861660
0.606037
0.940092
0.212348
0.144017
0.888180
0.184118
0.773186
0.889248
0.449660
0.868130
0.336528
0.191198
0.054018
0.065279
0.091281
0.757225
0.257668
0.571642
0.753502
0.627155
0.876949
0.630146
0.018586
0.941771
0.308420
0.094394
0.695334
0.665914
0.984283
0.188086
0.052553
0.673147
0.743248
0.516373
0.410260
0.097873
0.399396
0.485305
0.505753
0.361400
0.288949
0.785913
0.666738
0.778008
0.077090
0.098941
0.322123
0.147191
0.605731
0.676565
0.882168
0.239021
0.063478
0.957091
0.518601
0.577532
0.259468
0.869350
0.876980
0.429914
0.281320
0.982818
0.251289
0.406568
0.319742
0.159520
0.253395
0.579028
0.940092
0.864193
0.507096
0.521439
0.582293
0.788903
0.399518
0.182379
0.571093
0.948485
0.419935
0.992950
0.416639
0.902676
0.118015
0.117069
0.687826
0.261757
0.212287
0.251381
0.238868
0.131443
0.880245
0.879360
0.070894
0.653523
0.761467
0.387371
0.609272
0.298441
0.704855
0.948088
0.678365
0.066164
0.791131
0.577563
0.954894
0.251350
0.662099
0.272866
0.180731
0.929472
0.687704
0.635456
0.917234
0.819483
0.002380
0.887570
0.121220
0.680197
0.941710
0.687185
0.325022
0.895657
0.910489
0.648274
0.700888
0.406537
0.214118
0.972228
0.791711
0.643391
0.884030
0.096835
0.188757
0.617847
0.027985
0.769311
0.938231
0.828852
0.737907
0.449049
0.957091
0.138890
0.084628
0.447096
0.240547
0.277871
0.232795
0.707907
0.141301
0.129582
0.205115
0.640034
0.502487
0.458052
0.329234
0.901944
0.925443
0.229408
0.896725
0.549059
0.953246
0.185736
0.066530
0.448469
0.451979
0.827113
0.544145
0.367382
0.970061
0.458052
0.066622
0.641865
0.357402
0.454909
0.226234
0.831446
0.425916
0.409894
0.662923
0.266854
0.931913
0.308451
0.157109
0.896359
0.662191
0.396100
0.654408
0.336894
0.904904
0.890988
0.752770
0.537065
0.086306
0.198279
0.684317
0.957274
0.855007
0.783013
0.322214
0.673849
0.394391
0.357036
0.244209
0.313425
0.245216
0.536973
0.384198
0.223243
0.418867
0.628925
0.302835
0.784417
0.083102
0.696524
0.608478
0.273751
0.601245
0.568377
0.559984
0.180944
0.205969
0.941221
0.382153
0.386700
0.089602
0.234901
0.325419
0.108829
0.190985
0.355968
0.001099
0.021912
0.461470
0.025086
0.022858
0.457198
0.890316
0.825739
0.486557
0.088595
0.071230
0.629505
0.318766
0.011719
0.591266
0.554765
0.026215
0.621113
0.022950
0.114780
0.876339
0.193091
0.801599
0.711447
0.040956
0.579638
0.768059
0.130863
0.734336
0.920042
0.659444
0.197577
0.876034
0.776116
0.327769
0.242683
0.311045
0.597797
0.968688
0.543107
0.117466
0.924894
0.141057
0.387432
0.033265
0.231330
0.858943
0.925474
0.533677
0.818567
0.537034
0.456526
0.590014
0.663625
0.070833
0.314219
0.641621
0.628834
0.832850
0.002594
0.811609
0.938963
0.866085
0.740715
0.898373
0.332133
0.056063
0.071627
0.173437
0.791162
0.562639
0.692251
0.517472
0.260537
0.292642
0.159856
0.925077
0.256905
0.694998
0.632038
0.910337
0.777490
0.659322
0.295938
0.843867
0.414075
0.799158
0.643391
0.752647
0.078463
0.901395
0.247810
0.614154
0.244942
0.822840
0.199438
0.675802
0.117069
0.615345
0.854915
0.831019
0.624409
0.160680
0.057619
0.583270
0.655507
0.096530
0.485092
0.629170
0.433454
0.314493
0.279244
0.591998
0.440474
0.811884
0.616657
0.936949
0.797266
0.178137
0.373913
0.598926
0.503983
0.497360
0.545457
0.355113
0.448592
0.947935
0.569170
0.472213
0.589099
0.880825
0.216803
0.660909
0.215979
0.657643
0.204901
0.867824
0.700766
0.029572
0.182684
0.936827
0.637165
0.338816
0.253121
0.670736
0.781426
0.323130
0.683615
0.324534
0.697165
0.805780
0.962188
0.061556
0.512070
0.050691
0.855739
0.403851
0.691733
0.065798
0.626484
0.207831
0.237770
0.634022
0.062838
0.196631
0.215552
0.354472
0.481002
0.580370
0.018616
0.474807
0.353496
0.795587
0.275521
0.795495
0.720847
0.894833
0.805475
0.427686
0.042909
0.618274
0.529099
0.686148
0.645650
0.677938
0.740654
0.897641
0.420087
0.286050
0.647511
0.407239
0.929258
0.459029
0.583819
0.562670
0.579791
0.127842
0.804010
0.958495
0.014100
0.586444
0.262703
0.721549
0.379589
0.309153
0.287271
0.118381
0.630940
0.668813
0.548997
0.266427
0.521958
0.585955
0.239601
0.229652
0.443190
0.641591
0.858943
0.280526
0.761254
0.683554
0.520188
0.609149
0.816584
0.458480
0.179205
0.260750
0.235603
0.300516
0.693503
0.583178
0.713614
0.407697
0.117801
0.965331
0.924314
0.737602
0.142338
0.147588
0.713126
0.053438
0.079592
0.886471
0.229408
0.151646
0.306436
0.252968
0.154820
0.802454
0.567339
0.348125
0.683157
0.434492
0.045442
0.714774
0.408826
0.095096
0.607257
0.228523
0.779656
0.716819
0.127415
0.748375
0.270180
0.222114
0.299966
0.307932
0.932218
0.497147
0.841975
0.129460
0.478347
0.765831
0.496200
0.241127
0.555162
0.395703
0.738639
0.979034
0.361827
0.666555
0.597583
0.155309
0.271004
0.533280
0.490097
0.173498
0.607654
0.914090
0.482437
0.872524
0.242378
0.535234
0.880490
0.380047
0.155766
0.864010
0.556505
0.757469
0.629139
0.160314
0.918668
0.716575
0.218909
0.179205
0.928892
0.190100
0.170324
0.554643
0.076479
0.036927
0.426801
0.396283
0.712577
0.663289
0.891293
0.130528
0.652211
0.841151
0.095828
0.116764
0.450484
0.505417
0.935606
0.070406
0.258522
0.810541
0.623585
0.823756
0.666036
0.228217
0.522202
0.455885
0.436048
0.967742
0.008271
0.323160
0.539048
0.499191
0.027314
0.021332
0.391552
0.462081
0.493515
0.810266
0.706534
0.739463
0.191687
0.533128
0.861171
0.979644
0.337535
0.560900
0.188391
0.346263
0.452284
0.793390
0.098758
0.778283
0.707968
0.248146
0.438307
0.540757
0.399670
0.268807
0.989227
0.348064
0.701193
0.883480
0.519333
0.840602
0.359783
0.344829
0.286569
0.696158
0.487014
0.383312
0.404889
0.157537
0.101138
0.204199
0.977569
0.257149
0.578143
0.760369
0.404492
0.520280
0.666768
0.331248
0.769585
0.428114
0.224647
0.940153
0.714408
0.421857
0.331187
0.640400
0.704306
0.728874
0.933622
0.202124
0.093570
0.792596
0.682638
0.230445
0.895627
0.587024
0.113590
0.246529
0.664327
0.597461
0.829920
0.763207
0.393200
0.748161
0.844203
0.885342
0.838191
0.058931
0.734489
0.467483
0.170660
0.311075
0.770531
0.358928
0.366649
0.504624
0.667531
0.768151
0.238777
0.387799
0.122776
0.277505
0.516923
0.839869
0.791955
0.539750
0.883938
0.388867
0.860836
0.187292
0.372784
0.645375
0.869381
0.985656
0.031220
0.933439
0.943632
0.762230
0.260292
0.900021
0.092227
0.141820
0.732871
0.384381
0.723807
0.620075
0.298593
0.328318
0.040803
0.005799
0.781426
0.008606
0.467208
0.764092
0.075747
0.373241
0.765160
0.290597
0.448073
0.762047
0.997497
0.649220
0.449446
0.793756
0.992309
0.803522
0.345958
0.699850
0.465499
0.873684
0.472793
0.887509
0.458052
0.450179
0.418378
0.011597
0.243843
0.495254
0.445082
0.338511
0.364330
0.863430
0.052156
0.681478
0.946623
0.972686
0.087710
0.689871
0.960936
0.657033
0.315836
0.773278
0.573656
0.732139
0.844783
0.441237
0.252571
0.304910
0.323008
0.340678
0.780175
0.358654
0.308908
0.771630
0.831233
0.644795
0.720634
0.962523
0.271401
0.412427
0.772179
0.887051
0.832728
0.007172
0.302225
0.902676
0.322001
0.870327
0.901669
0.993133
0.019074
0.969390
0.746239
0.895383
0.420576
0.192145
0.540422
0.892788
0.985504
0.734214
0.479202
0.555406
0.039277
0.012268
0.633198
0.208869
0.492203
0.134037
0.664235
0.413129
0.528367
0.455855
0.277139
0.231910
0.921781
0.259651
0.314066
0.574786
0.135563
0.080264
0.897732
0.392590
0.860866
0.714225
0.529527
0.007538
0.150822
0.441603
0.549364
0.359539
0.807459
0.492050
0.862667
0.449660
0.175695
0.285989
0.341380
0.762047
0.002808
0.482681
0.805139
0.945738
0.517899
0.366008
0.988617
0.537461
0.388531
0.599628
0.401471
0.006684
0.710837
0.882138
0.487259
0.904172
0.688559
0.534379
0.987304
0.395184
0.158238
0.549150
0.915799
0.959014
0.616169
0.135319
0.052705
0.535478
0.903531
0.287454
0.360454
0.900082
0.206061
0.411603
0.230476
0.548814
0.524430
0.539628
0.966338
0.874264
0.271401
0.161992
0.409345
0.913480
0.152532
0.211676
0.112918
0.449965
0.985900
0.228919
0.972320
0.749931
0.617817
0.239570
0.715110
0.714835
0.590594
0.377178
0.159948
0.731040
0.718101
0.780572
0.648701
0.998230
0.226173
0.798090
0.558672
0.617206
0.613636
0.029633
0.301401
0.219031
0.889950
0.238136
0.713919
0.416425
0.346629
0.660939
0.248604
0.858364
0.517716
0.753166
0.868587
0.169683
0.485885
0.894040
0.054018
0.556902
0.190924
0.086978
0.826258
0.360820
0.896054
0.185522
0.195563
0.337992
0.468734
0.675497
0.939360
0.951872
0.632435
0.545366
0.116153
0.454970
0.844966
0.275521
0.222663
0.043184
0.960417
0.478164
0.399396
0.863948
0.330149
0.218665
0.591418
0.158605
0.499954
0.549852
0.070467
0.321451
0.158635
0.290353
0.224647
0.155492
0.495224
0.578722
0.021851
0.107120
0.620472
0.233558
0.053438
0.760155
0.208991
0.452193
0.564135
0.371258
0.018525
0.877895
0.374310
0.727592
0.442305
0.567980
0.101688
0.107578
0.750664
0.893307
0.587359
0.627094
0.178869
0.900632
0.933683
0.750908
0.516434
0.169195
0.059542
0.252113
0.354747
0.692831
0.179540
0.399609
0.649403
0.818262
0.113132
0.655507
0.752770
0.771905
0.830134
0.663533
0.574023
0.805261
0.138859
0.809687
0.022034
0.491104
0.923124
0.136448
0.387829
0.201086
0.834162
0.891812
0.822657
0.296213
0.844020
0.493912
0.568255
0.061647
0.566515
0.193793
0.094974
0.916776
0.751915
0.215674
0.804773
0.931761
0.861812
0.657765
0.454390
0.182409
0.130222
0.933561
0.956023
0.973907
0.017457
0.035829
0.710685
0.464644
0.462539
0.403912
0.131565
0.722404
0.840846
0.675588
0.512619
0.742790
0.033204
0.105441
0.899319
0.462111
0.512406
0.930082
0.117557
0.295663
0.853450
0.461867
0.617145
0.232490
0.574114
0.192907
0.285836
0.018036
0.711783
0.689383
0.890286
0.456313
0.042634
0.558641
0.300394
0.361827
0.350078
0.269509
0.153020
0.193731
0.647725
0.107669
0.111301
0.902615
0.764214
0.046663
0.376049
0.021180
0.195288
0.816614
0.605304
0.531022
0.629872
0.950896
0.898282
0.535173
0.055940
0.093234
0.000214
0.269204
0.853298
0.345347
0.383923
0.481246
0.778130
0.936918
0.364696
0.712241
0.247139
0.999207
0.904599
0.508011
0.826350
0.723411
0.262520
0.094302
0.331217
0.685049
0.146214
0.545763
0.444563
0.615375
0.522324
0.980438
0.258217
0.401746
0.741203
0.810755
0.644520
0.597308
0.131993
0.582690
0.864620
0.221992
0.725333
0.433760
0.318827
0.135716
0.258309
0.701621
0.846339
0.765038
0.119877
0.714225
0.479446
0.464461
0.391308
0.292734
0.059603
0.294168
0.638722
0.999023
0.620808
0.494613
0.614032
0.657826
0.946745
0.439680
0.520127
0.186407
0.208197
0.349834
0.996887
0.261391
0.086764
0.546129
0.483993
0.855068
0.291025
0.526475
0.117222
0.172063
0.871548
0.645405
0.813837
0.017701
0.241096
0.678732
0.703970
0.129032
0.306131
0.054048
0.563768
0.500259
0.615833
0.028748
0.406964
0.233375
0.934935
0.596179
0.890622
0.945647
0.146641
0.401868
0.691702
0.264595
0.892148
0.450819
0.510788
0.442671
0.852199
0.886715
0.858699
0.621845
0.077883
0.624958
0.282571
0.780053
0.276559
0.120365
0.188025
0.890530
0.458724
0.050874
0.912870
0.325175
0.852779
0.198523
0.209052
0.033509
0.493515
0.308969
0.789422
0.528092
0.390790
0.210700
0.094699
0.207739
0.684256
0.975372
0.937834
0.050356
0.691000
0.400281
0.181158
0.205481
0.251747
0.594531
0.103458
0.519089
0.282388
0.949767
0.612323
0.520798
0.936552
0.277017
0.958678
0.905637
0.285928
0.390912
0.109378
0.040864
0.924558
0.922117
0.434584
0.529710
0.402753
0.639851
0.865322
0.362621
0.897916
0.065279
0.178381
0.688131
0.027406
0.657277
0.564409
0.733818
0.210761
0.351268
0.135166
0.908872
0.486373
0.733604
0.526872
0.619739
0.190039
0.631214
0.255104
0.829798
0.400952
0.399091
0.978301
0.894436
0.561266
0.685781
0.325327
0.702719
0.175970
0.959075
0.444136
0.657155
0.999207
0.572466
0.927061
0.522263
0.612751
0.654012
0.269387
0.673849
0.803797
0.598498
0.517624
0.779717
0.647511
0.444716
0.263009
0.443403
0.700949
0.918394
0.637471
0.842006
0.214667
0.422529
0.467421
0.889279
0.768151
0.756493
0.242225
0.955565
0.235084
0.844417
0.053163
0.675588
0.485397
0.254891
0.159673
0.875240
0.729362
0.793085
0.338389
0.148839
0.910978
0.945891
0.671896
0.118198
0.056063
0.462325
0.933256
0.904233
0.982147
0.849666
0.222144
0.842952
0.275155
0.066927
0.009613
0.976867
0.940947
0.196997
0.246986
0.352916
0.636036
0.378094
0.695578
0.658406
0.885128
0.776910
0.133335
0.225806
0.191015
0.883358
0.594836
0.938444
0.443648
0.909299
0.300424
0.067171
0.533647
0.571795
0.431379
0.570727
0.577807
0.042512
0.406873
0.889462
0.661763
0.344310
0.819025
0.764855
0.506668
0.976318
0.682699
0.115757
0.965941
0.048738
0.155736
0.502335
0.758141
0.709067
0.386364
0.209021
0.342723
0.139866
0.643483
0.478317
0.344493
0.910794
0.386822
0.925718
0.432997
0.964782
0.432508
0.667806
0.063417
0.020631
0.870571
0.194647
0.985107
0.672842
0.890957
0.517136
0.923612
0.969634
0.173528
0.621265
0.343211
0.751061
0.999390
0.760338
0.695547
0.528153
0.738334
0.616138
0.060671
0.183996
0.870357
0.860591
0.587390
0.278787
0.196020
0.149052
0.638142
0.239174
0.392865
0.076540
0.045686
0.213965
0.573473
0.127995
0.387005
0.877010
0.002014
0.153935
0.681204
0.958495
0.625111
0.402905
0.417554
0.786096
0.573382
0.641682
0.319620
0.617237
0.290048
0.394604
0.752342
0.043336
0.442610
0.833522
0.177404
0.247902
0.274148
0.348857
0.564379
0.399152
0.550066
0.334330
0.162511
0.958678
0.757042
0.215064
0.540574
0.187475
0.710135
0.251625
0.300241
0.630573
0.224128
0.150334
0.369823
0.861110
0.005921
0.011780
0.283975
0.265603
0.423627
0.648274
0.356395
0.151708
0.308817
0.801630
0.150975
0.959044
0.448592
0.292917
0.158238
0.855098
0.922880
0.634754
0.083102
0.497147
0.943999
0.137791
0.650166
0.241249
0.354350
0.042879
0.332743
0.579974
0.438643
0.709555
0.912229
0.089633
0.206458
0.392438
0.273415
0.668874
0.802393
0.637074
0.342875
0.349193
0.198675
0.825770
0.575701
0.459243
0.827998
0.905332
0.897519
0.423658
0.311289
0.827631
0.507889
0.978118
0.938231
0.734275
0.451338
0.081515
0.055055
0.416639
0.361919
0.306833
0.017884
0.082675
0.288095
0.991455
0.865688
0.961608
0.003967
0.928800
0.370891
0.777306
0.713004
0.882168
0.623188
0.622913
0.550462
0.701926
0.802240
0.266366
0.791192
0.327738
0.296701
0.419080
0.168554
0.456496
0.824976
0.998871
0.210974
0.157781
0.713919
0.918027
0.002258
0.217719
0.992431
0.428266
0.272164
0.492569
0.455428
0.553453
0.222999
0.053438
0.354991
0.641469
0.999207
0.403150
0.874538
0.566393
0.205359
0.546678
0.042451
0.612629
0.379589
0.196478
0.241615
0.571490
0.828089
0.893490
0.970702
0.082247
0.727195
0.325724
0.013672
0.748497
0.899594
0.625355
0.673971
0.060915
0.170293
0.925321
0.228919
0.658559
0.709037
0.957121
0.261788
0.958312
0.265206
0.971038
0.026246
0.685751
0.701834
0.759423
0.501083
0.336955
0.734275
0.065279
0.289834
0.103427
0.280587
0.156468
0.023103
0.291330
0.329264
0.847316
0.418531
0.765679
0.730857
0.748741
0.655568
0.451674
0.819697
0.028108
0.220618
0.423566
0.271889
0.460372
0.879574
0.612873
0.105991
0.050844
0.933103
0.666768
0.232429
0.012207
0.411725
0.988403
0.457961
0.375835
0.366405
0.489792
0.351543
0.019196
0.911161
0.089175
0.877834
0.390759
0.173833
0.483505
0.204291
0.713065
0.811487
0.227638
0.588702
0.945860
0.246132
0.651509
0.752647
0.290048
0.277902
0.646382
0.647816
0.514023
0.230995
0.851466
0.021088
0.883511
0.289285
0.272256
0.684744
0.976012
0.177618
0.861629
0.897671
0.161565
0.845027
0.095218
0.764733
0.030519
0.306162
0.072146
0.059450
0.549913
0.297220
0.172277
0.377026
0.229499
0.902463
0.801599
0.023591
0.079134
0.807703
0.256355
0.548112
0.638081
0.337230
0.238166
0.322947
0.857845
0.929930
0.050111
0.079836
0.119938
0.211035
0.006287
0.806879
0.169744
0.316202
0.085086
0.913083
0.247322
0.623432
0.358043
0.067049
0.196936
0.549577
0.225349
0.615589
0.836329
0.567675
0.989288
0.988372
0.367016
0.100925
0.796594
0.995605
0.106876
0.450270
0.481399
0.424329
0.326090
0.411023
0.339854
0.839869
0.468062
0.735466
0.367473
0.998352
0.536210
0.097385
0.990692
0.777184
0.928159
0.714713
0.823817
0.029115
0.498215
0.286569
0.482742
0.266488
0.129856
0.401288
0.986358
0.581683
0.599231
0.071017
0.777032
0.710227
0.010468
0.549883
0.891964
0.642903
0.585406
0.091189
0.315470
0.692557
0.086978
0.800928
0.044893
0.422529
0.659597
0.242500
0.900082
0.342662
0.366161
0.950346
0.608417
0.778924
0.203925
0.507431
0.196692
0.823206
0.879940
0.343944
0.220710
0.769646
0.127506
0.912534
0.864010
0.943266
0.845302
0.396985
0.436842
0.327494
0.839167
0.610370
0.307321
0.896939
0.449629
0.238716
0.794794
0.061129
0.844844
0.086795
0.057711
0.126377
0.260842
0.481979
0.506973
0.180883
0.970611
0.492721
0.775628
0.310312
0.262459
0.117527
0.776666
0.549577
0.209998
0.101230
0.879971
0.477157
0.513810
0.533860
0.739433
0.858303
0.196936
0.889706
0.801996
0.243263
0.435163
0.661458
0.029420
0.927091
0.303140
0.246712
0.864223
0.176397
0.717948
0.242470
0.970946
0.130833
0.360973
0.804163
0.784234
0.283792
0.859828
0.225288
0.394635
0.950072
0.010956
0.394238
0.803705
0.625629
0.324931
0.284005
0.079165
0.646626
0.674642
0.131535
0.442274
0.053133
0.328959
0.462844
0.817438
0.064516
0.151921
0.619922
0.876461
0.072054
0.249367
0.945952
0.107913
0.555742
0.844050
0.284799
0.943449
0.830805
0.660482
0.951628
0.471389
0.030885
0.601001
0.829920
0.770226
0.233650
0.993744
0.752129
0.391919
0.135136
0.194372
0.819544
0.027253
0.179327
0.822687
0.818018
0.883663
0.548967
0.414869
0.385418
0.807581
0.924009
0.773370
0.087710
0.681936
0.413831
0.795038
0.058870
0.130497
0.569689
0.059236
0.362163
0.059847
0.883114
0.956877
0.727805
0.070772
0.677450
0.641530
0.824213
0.269692
0.797754
0.584521
0.718619
0.512253
0.005829
0.014222
0.683187
0.609210
0.487075
0.021882
0.003388
0.526933
0.374035
0.614368
0.944456
0.113041
0.694693
0.495468
0.531968
0.378826
0.650136
0.857143
0.303873
0.869350
0.629078
0.961638
0.688742
0.152867
0.864498
0.795953
0.167516
0.960814
0.139500
0.579669
0.874905
0.008820
0.447981
0.407758
0.795984
0.031434
0.016755
0.809229
0.215308
0.060213
0.595264
0.503128
0.573962
0.477767
0.418989
0.133030
0.390790
0.878140
0.753075
0.261391
0.404920
0.265236
0.422315
0.404584
0.594806
0.620289
0.233497
0.390790
0.230537
0.369762
0.696829
0.820704
0.615741
0.784845
0.952300
0.913663
0.675130
0.843959
0.307260
0.519242
0.043855
0.589282
0.292032
0.576586
0.815394
0.508683
0.638752
0.801843
0.603381
0.974364
0.090640
0.885586
0.074740
0.269326
0.447645
0.981353
0.609333
0.233039
0.754448
0.766167
0.242958
0.057344
0.037355
0.854762
0.549852
0.264321
0.496506
0.848598
0.620746
0.396619
0.558977
0.800684
0.793054
0.452254
0.699942
0.377972
0.289071
0.594745
0.437239
0.501999
0.418989
0.169683
0.406262
0.749474
0.503983
0.559587
0.921201
0.293649
0.176885
0.907376
0.928556
0.668386
0.215827
0.240669
0.759941
0.135166
0.567095
0.027619
0.589679
0.935453
0.714103
0.695517
0.003601
0.208411
0.047975
0.143529
0.585833
0.856716
0.396680
0.781091
0.928983
0.140080
0.368145
0.122593
0.974609
0.279061
0.664571
0.470199
0.090152
0.849635
0.023347
0.715751
0.788263
0.250069
0.941374
0.792962
0.494736
0.021607
0.838618
0.811304
0.272103
0.303354
0.817743
0.402997
0.904141
0.203650
0.675192
0.313730
0.247810
0.368542
0.320994
0.769189
0.259651
0.528825
0.262612
0.647755
0.601520
0.306650
0.309671
0.991729
0.233192
0.063478
0.155736
0.887020
0.897336
0.070070
0.993042
0.243721
0.903104
0.779931
0.816797
0.508194
0.115329
0.487747
0.575457
0.837703
0.554674
0.153813
0.822352
0.769799
0.515213
0.675466
0.026154
0.916654
0.606311
0.387219
0.195410
0.716117
0.624226
0.070772
0.973785
0.770806
0.660115
0.255898
0.862423
0.806116
0.350688
0.093417
0.725578
0.778863
0.677633
0.582202
0.235267
0.167333
0.222114
0.430280
0.412305
0.974425
0.280679
0.332621
0.918455
0.474776
0.748650
0.945616
0.257576
0.237403
0.177221
0.340464
0.540819
0.454878
0.911130
0.216193
0.972472
0.110446
0.711966
0.653584
0.712973
0.014344
0.774621
0.691519
0.274972
0.240333
0.542253
0.506821
0.108982
0.994110
0.226508
0.478835
0.534593
0.444319
0.438887
0.919980
0.673635
0.548112
0.839930
0.753502
0.541795
0.401654
0.211829
0.920133
0.954344
0.147496
0.861843
0.793939
0.402722
0.969939
0.761040
0.389630
0.558184
0.209204
0.326518
0.641896
0.558489
0.126438
0.252083
0.538438
0.734031
0.349986
0.293771
0.387585
0.929868
0.534715
0.417219
0.002014
0.079409
0.265419
0.212134
0.079836
0.186712
0.735801
0.980987
0.563921
0.372753
0.233680
0.407300
0.261269
0.142705
0.964690
0.210883
0.503342
0.530198
0.244423
0.695181
0.128422
0.274575
0.591754
0.593493
0.567888
0.687796
0.752922
0.120457
0.316904
0.366894
0.189215
0.634846
0.571276
0.408460
0.058596
0.819727
0.311563
0.281442
0.222449
0.786584
0.615833
0.014039
0.309336
0.009644
0.481735
0.851833
0.366405
0.496384
0.940275
0.042268
0.130070
0.100528
0.741173
0.903012
0.447035
0.384106
0.392285
0.828974
0.876888
0.934385
0.833460
0.395764
0.007691
0.542222
0.526353
0.214759
0.515793
0.148167
0.241920
0.696310
0.500595
0.961913
0.326090
0.377514
0.126682
0.662313
0.725089
0.970794
0.103122
0.083560
0.552202
0.789087
0.032350
0.293802
0.476485
0.704733
0.159337
0.472793
0.715049
0.297372
0.552232
0.494491
0.910123
0.347758
0.246254
0.621052
0.672201
0.333506
0.381329
0.214362
0.070376
0.082949
0.865413
0.871487
0.851222
0.243690
0.594195
0.889981
0.667379
0.721488
0.759087
0.469741
0.097232
0.746391
0.273843
0.557482
0.736991
0.722037
0.851955
0.739708
0.145726
0.514237
0.765557
0.091098
0.926084
0.335459
0.817225
0.384228
0.720023
0.881161
0.555895
0.566424
0.402600
0.874264
0.268227
0.911069
0.253945
0.674306
0.776543
0.748497
0.390851
0.107089
0.574725
0.183477
0.239692
0.171270
0.333232
0.705252
0.331431
0.778344
0.304422
0.096164
0.200232
0.181860
0.659658
0.545793
0.666707
0.252602
0.289224
0.375958
0.287179
0.255348
0.096347
0.283670
0.250587
0.284280
0.316752
0.507614
0.503281
0.012391
0.894681
0.825037
0.384045
0.912076
0.446791
0.784600
0.550066
0.602100
0.845576
0.082095
0.474990
0.478408
0.952544
0.484878
0.300699
0.283975
0.533616
0.211310
0.323649
0.774285
0.887112
0.171697
0.897488
0.135136
0.215857
0.976714
0.032533
0.308420
0.274941
0.119419
0.474441
0.882260
0.325755
0.238014
0.541734
0.702048
0.928282
0.864162
0.505203
0.858425
0.602069
0.564257
0.788995
0.208258
0.888333
0.879696
0.775475
0.085421
0.842738
0.971709
0.494858
0.356792
0.491958
0.378155
0.980743
0.480697
0.283761
0.787347
0.572954
0.723289
0.062899
0.235969
0.948943
0.189306
0.603320
0.637135
0.164953
0.823969
0.228339
0.044435
0.488144
0.041047
0.550310
0.559191
0.300943
0.135105
0.860103
0.285684
0.859157
0.132328
0.198584
0.242225
0.184423
0.237648
0.641133
0.633229
0.873196
0.533464
0.825770
0.388745
0.102451
0.086703
0.257118
0.378033
0.614521
0.120426
0.416974
0.203223
0.960997
0.405988
0.212531
0.979095
0.788232
0.532121
0.794000
0.005615
0.444777
0.207404
0.272347
0.739280
0.692648
0.252144
0.369030
0.969481
0.802789
0.435713
0.528275
0.606128
0.817255
0.816156
0.523667
0.985199
0.258126
0.737846
0.090182
0.097568
0.065188
0.143590
0.612720
0.648488
0.043336
0.357555
0.402570
0.352855
0.600940
0.994934
0.593158
0.373516
0.060549
0.154942
0.185949
0.308084
0.323038
0.553484
0.278115
0.631153
0.166570
0.750999
0.003174
0.997284
0.961638
0.132725
0.215644
0.312326
0.083071
0.797021
0.451033
0.977905
0.801172
0.008057
0.192694
0.216346
0.931791
0.369335
0.976440
0.881832
0.028169
0.374035
0.364055
0.664083
0.394574
0.488693
0.317881
0.091006
0.703726
0.426222
0.006165
0.236305
0.498703
0.764794
0.572039
0.538377
0.361187
0.568377
0.896115
0.636982
0.026826
0.165868
0.884884
0.633473
0.228950
0.744377
0.315439
0.681448
0.552355
0.913266
0.768303
0.313303
0.077914
0.895322
0.679220
0.409833
0.099460
0.500839
0.041444
0.218177
0.694296
0.541520
0.789758
0.325266
0.428297
0.839625
0.397107
0.992401
0.977203
0.489547
0.715659
0.757225
0.945097
0.527238
0.593097
0.710044
0.661306
0.664266
0.295572
0.349651
0.237342
0.242500
0.268715
0.425855
0.664541
0.065798
0.267373
0.674429
0.234046
0.264931
0.386212
0.850917
0.060640
0.851772
0.021699
0.969573
0.990783
0.119327
0.297006
0.153447
0.677053
0.543962
0.981170
0.002411
0.099765
0.345225
0.433332
0.884640
0.317209
0.360759
0.604114
0.058168
0.725272
0.391461
0.624378
0.029298
0.608539
0.673910
0.013520
0.052889
0.263436
0.635701
0.037904
0.181890
0.474899
0.590594
0.251076
0.771935
0.627796
0.528977
0.746666
0.847041
0.234382
0.660604
0.155766
0.233192
0.159154
0.865261
0.919553
0.865474
0.321879
0.708151
0.868191
0.175390
0.160863
0.175848
0.638264
0.964721
0.636738
0.789117
0.958983
0.671438
0.058931
0.249092
0.338664
0.434980
0.515427
0.272897
0.183203
0.866451
0.187231
0.774834
0.877102
0.929868
0.329203
0.049593
0.858943
0.841365
0.197668
0.113834
0.221870
0.392071
0.706870
0.861934
0.871242
0.601001
0.095187
0.192541
0.769616
0.104373
0.382214
0.762322
0.301187
0.187475
0.898160
0.522385
0.286691
0.865322
0.666799
0.694876
0.679647
0.918363
0.923307
0.344432
0.475723
0.289773
0.547685
0.202490
0.866176
0.750023
0.696036
0.898953
0.166723
0.235176
0.409894
0.258889
0.553026
0.765893
0.485549
0.819788
0.133885
0.351909
0.384259
0.225532
0.393963
0.789819
0.464888
0.654042
0.536576
0.759239
0.319956
0.933836
0.758263
0.124210
0.496323
0.506638
0.986114
0.846095
0.382183
0.891934
0.109439
0.413495
0.541215
0.809626
0.236824
0.196814
0.274941
0.617023
0.009430
0.632191
0.695395
0.216926
0.502823
0.642079
0.088412
0.092166
0.747307
0.198370
0.849300
0.623829
0.399091
0.434370
0.771966
0.348430
0.593066
0.211829
0.972991
0.311411
0.508103
0.549120
0.231452
0.171880
0.676901
0.817438
0.026399
0.216193
0.571032
0.110233
0.052248
0.935636
0.492752
0.693350
0.494583
0.324656
0.304392
0.940947
0.846553
0.556780
0.027406
0.664388
0.547655
0.192663
0.841304
0.239662
0.226203
0.578631
0.514420
0.440199
0.826167
0.590106
0.797815
0.380657
0.400433
0.377575
0.812860
0.478622
0.851100
0.270363
0.964568
0.839930
0.398328
0.495163
0.411328
0.973998
0.059053
0.864956
0.622883
0.245857
0.916654
0.095126
0.056856
0.970305
0.462600
0.902860
0.486465
0.555162
0.792322
0.545488
0.008881
0.599597
0.935057
0.955260
0.267617
0.353587
0.100223
0.125401
0.917997
0.445204
0.120945
0.904965
0.868740
0.281594
0.875942
0.857479
0.329905
0.030030
0.971191
0.340922
0.198645
0.585345
0.463027
0.464400
0.814447
0.429884
0.902921
0.077853
0.614124
0.792322
0.486129
0.451460
0.719321
0.011567
0.585009
0.800684
0.986114
0.512101
0.448347
0.313150
0.549181
0.296518
0.348003
0.834071
0.391308
0.362316
0.954039
0.865505
0.969420
0.948698
0.219398
0.037019
0.428541
0.019257
0.556261
0.702872
0.435041
0.888058
0.583728
0.822413
0.160070
0.393689
0.229804
0.780145
0.444746
0.528947
0.467696
0.301370
0.678121
0.931669
0.468429
0.119724
0.419568
0.143132
0.450423
0.553056
0.296182
0.040315
0.007843
0.643574
0.207068
0.348277
0.198553
0.018921
0.365490
0.638661
0.173162
0.130100
0.210028
0.721091
0.626392
0.022492
0.716391
0.833186
0.851680
0.296457
0.140477
0.535691
0.681051
0.413709
0.724784
0.718955
0.090426
0.005341
0.398541
0.626942
0.752709
0.338542
0.003479
0.305094
0.318918
0.597186
0.076296
0.378491
0.709647
0.133549
0.718711
0.565813
0.196783
0.346965
0.586901
0.836421
0.558428
0.345347
0.531327
0.615925
0.086398
0.046541
0.918149
0.947142
0.729179
0.875179
0.163427
0.011872
0.150517
0.711478
0.511704
0.920988
0.985534
0.248390
0.589679
0.177404
0.074984
0.413068
0.766839
0.720267
0.959929
0.009064
0.853694
0.954344
0.416456
0.235511
0.169347
0.672750
0.313730
0.239479
0.509445
0.278298
0.574816
0.357799
0.045503
0.209784
0.522477
0.204596
0.687704
0.979705
0.391125
0.260781
0.940977
0.729637
0.285836
0.121708
0.787408
0.709281
0.370067
0.059297
0.624592
0.585742
0.562914
0.054903
0.792169
0.989044
0.527696
0.959105
0.717460
0.200079
0.232398
0.934599
0.211493
0.387921
0.864071
0.838862
0.946715
0.301431
0.377636
0.702048
0.647389
0.822779
0.460921
0.957274
0.024445
0.288461
0.196875
0.578875
0.985595
0.983917
0.204321
0.785150
0.151769
0.718314
0.538438
0.461745
0.212104
0.885952
0.132298
0.962279
0.147435
0.919675
0.060701
0.441694
0.854579
0.543687
0.407483
0.379589
0.202002
0.731101
0.017518
0.448744
0.048616
0.772851
0.914884
0.386120
0.256569
0.364360
0.668142
0.021485
0.229377
0.115787
0.484329
0.121067
0.006836
0.392651
0.312479
0.201514
0.447768
0.892392
0.738365
0.970916
0.531846
0.863918
0.951323
0.553026
0.311930
0.375683
0.564745
0.151158
0.547990
0.539079
0.571306
0.307321
0.553789
0.092837
0.214118
0.413770
0.287942
0.255379
0.055269
0.632405
0.220191
0.250740
0.022767
0.878903
0.004456
0.414655
0.717338
0.027345
0.489578
0.286966
0.760186
0.992035
0.099368
0.596576
0.462996
0.842067
0.113132
0.545335
0.601672
0.605976
0.877529
0.296915
0.574358
0.921567
0.481460
0.076937
0.726127
0.187933
0.925443
0.790918
0.120273
0.375713
0.315744
0.565752
0.538713
0.151585
0.115604
0.121494
0.991546
0.473708
0.984313
0.379467
0.518296
0.313974
0.235115
0.212592
0.560900
0.663533
0.443983
0.745262
0.690390
0.477645
0.239601
0.107364
0.968383
0.716483
0.806513
0.050600
0.724570
0.137608
0.132206
0.331523
0.031373
0.996857
0.529893
0.269021
0.657308
0.313456
0.467483
0.381603
0.779839
0.856288
0.234901
0.510941
0.239509
0.506394
0.480270
0.338237
0.616321
0.153417
0.146458
0.699301
0.909268
0.781091
0.839625
0.604511
0.101230
0.898404
0.159978
0.370495
0.389355
0.972961
0.027619
0.769066
0.363018
0.022309
0.532823
0.600116
0.910123
0.020020
0.343516
0.594592
0.133244
0.271950
0.200629
0.053713
0.056917
0.420026
0.532365
0.130955
0.406842
0.228980
0.718955
0.162572
0.242927
0.812433
0.039064
0.953581
0.727073
0.454848
0.829310
0.424543
0.806726
0.685446
0.887356
0.526627
0.095889
0.760094
0.650929
0.829768
0.734886
0.208014
0.183416
0.691397
0.509110
0.598895
0.496963
0.411359
0.009796
0.187017
0.245155
0.279458
0.116306
0.588702
0.315897
0.921567
0.582263
0.149083
0.355876
0.851131
0.006287
0.154637
0.758049
0.632008
0.969024
0.547746
0.143193
0.558550
0.617023
0.299203
0.866939
0.259896
0.475570
0.095462
0.583117
0.134129
0.770898
0.496567
0.395581
0.018677
0.043703
0.220649
0.628681
0.003693
0.334849
0.712302
0.748161
0.793756
0.724357
0.649678
0.464034
0.524949
0.505570
0.547868
0.546068
0.443251
0.774987
0.113865
0.383404
0.350444
0.719565
0.510025
0.819697
0.223884
0.382427
0.181677
0.294809
0.916257
0.188360
0.405622
0.824549
0.341777
0.010468
0.215552
0.849147
0.054933
0.058748
0.860775
0.482711
0.628132
0.372600
0.454085
0.193884
0.734062
0.197760
0.965758
0.449477
0.339976
0.029511
0.219001
0.352275
0.919156
0.602985
0.044191
0.804407
0.086154
0.611957
0.247108
0.226966
0.562426
0.437605
0.547960
0.367992
0.877926
0.668142
0.147526
0.229072
0.715659
0.690634
0.076357
0.642933
0.304727
0.136601
0.983520
0.532029
0.768731
0.462081
0.520859
0.380627
0.835170
0.443861
0.979583
0.950529
0.812769
0.873043
0.334574
0.772485
0.242500
0.226905
0.353587
0.444288
0.128513
0.600848
0.926817
0.266457
0.155675
0.680990
0.273659
0.247261
0.799524
0.039308
0.182531
0.008271
0.735038
0.532243
0.940306
0.621265
0.450514
0.083865
0.107028
0.908109
0.472945
0.635395
0.793329
0.234931
0.110630
0.541643
0.595264
0.331584
0.119877
0.196234
0.844081
0.167699
0.201697
0.166601
0.326548
0.416639
0.734886
0.619617
0.132237
0.538713
0.651540
0.319895
0.784082
0.014618
0.861599
0.981658
0.308054
0.760674
0.132206
0.254799
0.399274
0.256752
0.828852
0.127781
0.339183
0.418683
0.423353
0.027009
0.821619
0.745659
0.176580
0.395276
0.342875
0.774407
0.900418
0.029664
0.312876
0.371563
0.206580
0.960784
0.542924
0.894681
0.147923
0.153691
0.266884
0.753960
0.658284
0.813166
0.351756
0.405530
0.697836
0.572802
0.853908
0.307718
0.509445
0.351024
0.577380
0.871212
0.892788
0.153630
0.790246
0.934812
0.902097
0.605426
0.755516
0.797876
0.874294
0.491104
0.232704
0.340403
0.193121
0.087588
0.606494
0.262612
0.696158
0.568346
0.798303
0.974548
0.130253
0.261391
0.617512
0.167455
0.562670
0.041963
0.708487
0.598346
0.152745
0.641224
0.749351
0.118046
0.191961
0.152226
0.058992
0.475478
0.817164
0.514481
0.268715
0.927763
0.304209
0.258126
0.214209
0.188665
0.348033
0.289315
0.705039
0.746391
0.234901
0.997650
0.326701
0.080966
0.313913
0.467269
0.932676
0.814295
0.673269
0.072726
0.981811
0.322184
0.427961
0.240852
0.377789
0.841212
0.525315
0.659749
0.967040
0.600360
0.473769
0.716422
0.350505
0.010010
0.902371
0.444319
0.166814
0.438093
0.356120
0.761559
0.501907
0.605914
0.234199
0.281655
0.581927
0.134007
0.276833
0.477859
0.405927
0.270058
0.507340
0.481765
0.473861
0.329173
0.035493
0.298624
0.266671
0.878719
0.628376
0.719413
0.634663
0.198340
0.455214
0.711509
0.750206
0.046876
0.912198
0.569414
0.781243
0.266640
0.933500
0.606067
0.941649
0.257485
0.695273
0.666799
0.074892
0.850764
0.117924
0.246529
0.427168
0.615131
0.074007
0.491928
0.766045
0.125340
0.707022
0.869442
0.501236
0.224982
0.768029
0.780633
0.963561
0.814631
0.375988
0.906217
0.498276
0.196753
0.108280
0.559435
0.529313
0.508560
0.827448
0.830927
0.250069
0.273629
0.150517
0.805597
0.097873
0.604419
0.967315
0.632923
0.667531
0.086001
0.913541
0.732383
0.220832
0.873104
0.205512
0.914457
0.447859
0.030641
0.742363
0.699179
0.636494
0.650563
0.881832
0.613269
0.906522
0.774377
0.796594
0.746666
0.664266
0.654286
0.816523
0.350444
0.934324
0.383068
0.663747
0.756890
0.724326
0.424574
0.986358
0.402905
0.079379
0.075594
0.097415
0.238533
0.982086
0.391003
0.325144
0.301096
0.754295
0.602649
0.880703
0.737022
0.117618
0.563890
0.649709
0.051668
0.567919
0.250679
0.814264
0.869655
0.220527
0.850581
0.710562
0.985199
0.782708
0.470870
0.829859
0.985809
0.809015
0.997009
0.367687
0.228584
0.896420
0.132908
0.228462
0.452010
0.974792
0.153905
0.891385
0.803125
0.349498
0.404035
0.043611
0.562304
0.652364
0.068453
0.387951
0.346721
0.356792
0.252846
0.529679
0.073122
0.013733
0.900418
0.350597
0.461928
0.864772
0.578234
0.775109
0.363598
0.987915
0.663778
0.335185
0.688375
0.633503
0.963317
0.440718
0.220771
0.905271
0.292978
0.760857
0.100375
0.443648
0.054231
0.623035
0.249550
0.267220
0.334483
0.835994
0.529862
0.428602
0.564318
0.842555
0.908170
0.640889
0.263009
0.608997
0.413770
0.531388
0.902707
0.156926
0.167974
0.678243
0.423139
0.143956
0.266793
0.086734
0.428297
0.399426
0.798914
0.261055
0.595508
0.821528
0.779107
0.528245
0.328898
0.542009
0.279489
0.770165
0.188330
0.764641
0.538865
0.220130
0.124821
0.183752
0.332011
0.480056
0.053865
0.389294
0.379986
0.414594
0.798029
0.164098
0.082675
0.078524
0.929685
0.080416
0.354808
0.333567
0.545793
0.301157
0.846858
0.310984
0.505112
0.992645
0.331706
0.375927
0.159886
0.254860
0.539018
0.750237
0.112735
0.975860
0.217658
0.449416
0.030305
0.515458
0.708213
0.690756
0.044679
0.626301
0.806146
0.427778
0.774194
0.516587
0.197851
0.168462
0.494156
0.462203
0.249519
0.732658
0.489792
0.873684
0.431227
0.105075
0.121647
0.224555
0.156865
0.040712
0.635334
0.747246
0.321390
0.577776
0.246559
0.302866
0.316568
0.115726
0.532945
0.331065
0.806513
0.213599
0.663503
0.286081
0.044038
0.765465
0.497513
0.465560
0.009796
0.709067
0.083621
0.638142
0.154241
0.923826
0.590655
0.376049
0.024934
0.474685
0.201239
0.499008
0.559526
0.857814
0.999664
0.535966
0.326060
0.404462
0.384991
0.610248
0.492080
0.499557
0.041169
0.655232
0.802942
0.770562
0.994476
0.365947
0.351756
0.903531
0.790460
0.793542
0.421125
0.242531
0.321360
0.988403
0.178655
0.828272
0.334941
0.598498
0.507187
0.032258
0.156194
0.828944
0.750877
0.443587
0.653432
0.669118
0.658773
0.163121
0.979461
0.793725
0.306864
0.162694
0.119724
0.043855
0.279794
0.864742
0.778100
0.894498
0.893582
0.599017
0.631794
0.814203
0.740684
0.092410
0.486953
0.924345
0.338633
0.648335
0.365490
0.862606
0.163305
0.171667
0.055147
0.258522
0.848323
0.695853
0.153569
0.726035
0.831446
0.567888
0.137577
0.780267
0.229987
0.948149
0.489517
0.584155
0.225593
0.780633
0.411084
0.931486
0.740074
0.890286
0.156529
0.372539
0.683523
0.363384
0.516129
0.888577
0.556230
0.867733
0.481368
0.021119
0.684988
0.067965
0.623005
0.863216
0.875546
0.793512
0.213233
0.817347
0.762291
0.114078
0.623341
0.528153
0.636708
0.980193
0.027772
0.894467
0.035127
0.583880
0.946501
0.568010
0.868038
0.096866
0.655965
0.844783
0.370983
0.941496
0.000946
0.354961
0.659871
0.251289
0.637867
0.458113
0.170110
0.677419
0.240761
0.749657
0.762474
0.196753
0.701773
0.584887
0.775811
0.078341
0.856838
0.026856
0.808435
0.664327
0.767937
0.124424
0.509415
0.121403
0.093448
0.926389
0.160497
0.819666
0.577532
0.138371
0.330699
0.493881
0.189734
0.828700
0.384167
0.845180
0.946593
0.088839
0.122837
0.737602
0.945830
0.055849
0.345317
0.647084
0.644856
0.201727
0.602649
0.518540
0.914518
0.297189
0.932981
0.687338
0.899686
0.955046
0.855708
0.021424
0.217536
0.160161
0.406812
0.940703
0.525071
0.692099
0.496475
0.469131
0.986999
0.846126
0.369945
0.976806
0.675344
0.359874
0.453566
0.767296
0.431806
0.950957
0.366497
0.167150
0.224311
0.372265
0.379833
0.273751
0.529038
0.391095
0.104282
0.017212
0.768975
0.598407
0.687521
0.693319
0.340373
0.454207
0.302530
0.623310
0.258522
0.475845
0.208380
0.096896
0.953551
0.974853
0.164373
0.254769
0.248207
0.248909
0.478957
0.066500
0.048524
0.635426
0.474715
0.060945
0.778344
0.332041
0.650594
0.964385
0.089328
0.391858
0.322672
0.903256
0.878018
0.797937
0.024659
0.327738
0.140019
0.024506
0.449446
0.312082
0.694205
0.990905
0.212806
0.388256
0.306375
0.813776
0.220801
0.569018
0.245521
0.265084
0.921903
0.716636
0.802149
0.340922
0.224830
0.913694
0.801294
0.847957
0.364330
0.992035
0.640584
0.413984
0.494583
0.875973
0.885250
0.828303
0.293161
0.896664
0.950713
0.118442
0.355632
0.732871
0.904569
0.269662
0.662313
0.135380
0.918851
0.993011
0.898892
0.090640
0.403821
0.448622
0.911527
0.580157
0.354961
0.330393
0.078097
0.591815
0.943785
0.218055
0.876797
0.539506
0.884152
0.603198
0.432752
0.747124
0.605335
0.495376
0.325297
0.153233
0.762841
0.014527
0.435347
0.892758
0.118412
0.875912
0.115696
0.911802
0.320444
0.173925
0.464431
0.272073
0.615986
0.371075
0.983276
0.300882
0.025605
0.898068
0.401959
0.242988
0.012726
0.271706
0.949919
0.571001
0.177709
0.136509
0.856197
0.609760
0.009247
0.136357
0.359539
0.631886
0.223212
0.022614
0.009186
0.079989
0.720756
0.904630
0.538102
0.072176
0.697012
0.049165
0.089572
0.846950
0.931028
0.135197
0.078707
0.303873
0.788965
0.369335
0.470046
0.296243
0.971282
0.369488
0.751946
0.831812
0.535264
0.222175
0.390149
0.838099
0.224219
0.619678
0.040712
0.648305
0.634785
0.483749
0.303995
0.864254
0.252846
0.981994
0.300851
0.752586
0.890530
0.342662
0.852718
0.830134
0.554277
0.375072
0.545885
0.795434
0.276040
0.100894
0.462294
0.461715
0.938780
0.403302
0.857326
0.848598
0.626850
0.099704
0.566118
0.087649
0.533677
0.344920
0.419874
0.299356
0.956755
0.770257
0.452742
0.096316
0.412183
0.265450
0.181524
0.870205
0.399304
0.809442
0.738456
0.517808
0.847316
0.255928
0.138798
0.763085
0.774316
0.480728
0.464888
0.730888
0.190863
0.796167
0.246742
0.929167
0.778985
0.039827
0.821863
0.295236
0.377300
0.243019
0.954222
0.463301
0.804651
0.285684
0.494797
0.908322
0.052492
0.443800
0.363994
0.123508
0.377941
0.235908
0.637654
0.487320
0.327982
0.474349
0.017945
0.975646
0.227271
0.927976
0.470290
0.376476
0.159459
0.502487
0.307230
0.162664
0.974303
0.344584
0.501297
0.678884
0.351024
0.776208
0.507309
0.799493
0.450179
0.464858
0.375713
0.713492
0.183874
0.736991
0.438307
0.992309
0.637135
0.439741
0.347423
0.597339
0.670339
0.258065
0.749962
0.983154
0.234840
0.893094
0.377117
0.952452
0.432691
0.007782
0.831965
0.419477
0.851680
0.347209
0.854762
0.737785
0.207068
0.937773
0.348918
0.748650
0.821314
0.773827
0.947264
0.206488
0.972533
0.896207
0.400800
0.737541
0.644002
0.269753
0.571184
0.987793
0.704703
0.366161
0.307688
0.116886
0.053072
0.857753
0.990417
0.293924
0.754906
0.329020
0.020356
0.351146
0.706320
0.412183
0.038697
0.252510
0.853908
0.252449
0.155095
0.532670
0.502274
0.709922
0.967528
0.363140
0.740989
0.203925
0.654073
0.401410
0.521805
0.606128
0.918516
0.079714
0.417646
0.088900
0.070345
0.489486
0.594409
0.334910
0.021210
0.517472
0.026734
0.014191
0.478195
0.390606
0.489639
0.935270
0.115848
0.284799
0.356182
0.776147
0.008087
0.154729
0.733573
0.801721
0.100772
0.440474
0.967986
0.473891
0.006958
0.807459
0.050050
0.360179
0.905271
0.575640
0.952025
0.247810
0.823328
0.994659
0.427351
0.868801
0.087069
0.020722
0.305124
0.142674
0.217414
0.751946
0.809320
0.343455
0.055239
0.177709
0.934904
0.095950
0.396435
0.399274
0.411908
0.609027
0.917661
0.976897
0.288522
0.051057
0.674581
0.560411
0.664602
0.474593
0.953612
0.459090
0.606861
0.195685
0.758263
0.307474
0.776818
0.034761
0.711631
0.482681
0.803186
0.325114
0.656240
0.430494
0.929228
0.095035
0.732139
0.555467
0.967193
0.330363
0.214911
0.831965
0.090243
0.722861
0.894894
0.791925
0.493881
0.811670
0.278207
0.046205
0.457442
0.923246
0.391858
0.995056
0.837489
0.816553
0.473006
0.884243
0.523881
0.439558
0.324808
0.863521
0.890255
0.703269
0.619129
0.202887
0.769585
0.679525
0.927946
0.323618
0.986572
0.129002
0.764519
0.799707
0.977874
0.765618
0.415540
0.986419
0.531602
0.163152
0.845515
0.432173
0.176885
0.711203
0.454665
0.729606
0.255470
0.525681
0.971801
0.962523
0.205908
0.721152
0.262795
0.404675
0.092013
0.950285
0.336772
0.627003
0.906766
0.617573
0.330454
0.668935
0.682669
0.672781
0.752586
0.430677
0.940245
0.390790
0.768944
0.942442
0.505387
0.044282
0.810266
0.666707
0.227485
0.874905
0.282907
0.490158
0.628681
0.269601
0.664968
0.561052
0.016511
0.548631
0.768029
0.628895
0.090335
0.270486
0.446150
0.041902
0.573443
0.461287
0.533677
0.059389
0.901486
0.673818
0.292550
0.634327
0.499039
0.283212
0.150639
0.323313
0.675283
0.925016
0.012543
0.479598
0.670003
0.481918
0.923673
0.385357
0.881161
0.526139
0.369213
0.479965
0.805536
0.622547
0.989166
0.340098
0.723380
0.399518
0.990478
0.568041
0.658559
0.793878
0.037843
0.244301
0.645192
0.375591
0.904294
0.101291
0.832270
0.159001
0.662465
0.073672
0.457533
0.806513
0.698782
0.381817
0.221473
0.631184
0.330363
0.805109
0.093204
0.304300
0.307413
0.300516
0.079043
0.674520
0.981170
0.623524
0.985504
0.604175
0.419202
0.106906
0.707266
0.229804
0.249458
0.254158
0.072207
0.552690
0.513749
0.303568
0.774194
0.765404
0.312449
0.419294
0.424665
0.221290
0.521439
0.665609
0.255226
0.452773
0.362560
0.420515
0.501419
0.144353
0.108707
0.385266
0.999481
0.467483
0.705191
0.845637
0.027314
0.682546
0.588061
0.341441
0.920957
0.414899
0.481246
0.400739
0.497299
0.511093
0.453230
0.494247
0.815241
0.881039
0.014863
0.867275
0.305429
0.233100
0.539476
0.404401
0.800806
0.108097
0.786187
0.183996
0.498642
0.117862
0.808557
0.877987
0.385357
0.795679
0.028687
0.654073
0.155736
0.964019
0.758995
0.735771
0.157292
0.026124
0.952208
0.277047
0.391400
0.087893
0.461287
0.707785
0.102176
0.315622
0.590350
0.205908
0.984832
0.436903
0.217872
0.453017
0.543962
0.789789
0.273293
0.329203
0.633900
0.827601
0.848537
0.703757
0.711600
0.484512
0.725333
0.977844
0.833918
0.309153
0.600238
0.535173
0.930265
0.771752
0.787591
0.757378
0.381664
0.651540
0.682669
0.759880
0.437971
0.910367
0.765679
0.504868
0.504105
0.958861
0.428053
0.447401
0.826777
0.721702
0.402326
0.371014
0.612537
0.407575
0.076540
0.568865
0.109226
0.390667
0.475051
0.027131
0.681234
0.109806
0.186224
0.766350
0.409955
0.391247
0.018860
0.997223
0.251534
0.101657
0.668386
0.247383
0.281838
0.537461
0.173864
0.114872
0.060793
0.456496
0.447554
0.804804
0.647481
0.158971
0.657826
0.105564
0.296091
0.523087
0.746788
0.960906
0.365673
0.402112
0.864071
0.293405
0.473281
0.289102
0.997711
0.237068
0.422834
0.655416
0.583850
0.433332
0.940794
0.869228
0.375744
0.548570
0.749260
0.100497
0.354228
0.668111
0.008667
0.118503
0.960265
0.723716
0.660665
0.387982
0.430708
0.610309
0.702475
0.370678
0.519639
0.148564
0.924528
0.438002
0.384716
0.549394
0.141942
0.301340
0.921628
0.536546
0.451552
0.366161
0.326426
0.783807
0.545305
0.916318
0.168249
0.822810
0.611988
0.534349
0.752403
0.077822
0.857753
0.664876
0.056154
0.183813
0.177099
0.726371
0.018097
0.243782
0.005646
0.678121
0.461745
0.181982
0.885617
0.448805
0.435774
0.849025
0.775445
0.132145
0.251167
0.035066
0.634999
0.356853
0.996948
0.047792
0.317270
0.736381
0.815699
0.010712
0.297952
0.805048
0.720084
0.538621
0.274209
0.346843
0.231697
0.946165
0.163854
0.522965
0.623341
0.645955
0.536027
0.704459
0.045991
0.892453
0.005036
0.416181
0.322123
0.527451
0.618061
0.298349
0.685842
0.884274
0.768365
0.491928
0.251839
0.505936
0.665181
0.354045
0.494095
0.834346
0.891446
0.909879
0.515397
0.526353
0.080660
0.946837
0.389447
0.552934
0.244179
0.157933
0.356059
0.737968
0.780145
0.239967
0.151585
0.892483
0.695181
0.353099
0.254982
0.201209
0.070467
0.848079
0.331339
0.016999
0.303049
0.667165
0.653859
0.719901
0.153691
0.325266
0.785699
0.796777
0.132878
0.877438
0.302652
0.798090
0.255806
0.778619
0.838221
0.327677
0.697684
0.042634
0.232154
0.722190
0.380810
0.606189
0.063875
0.575915
0.024628
0.303751
0.351756
0.767998
0.689596
0.360637
0.699637
0.147404
0.346751
0.809534
0.672018
0.532762
0.503769
0.737205
0.679098
0.182440
0.419050
0.767510
0.152348
0.392132
0.934660
0.687094
0.293069
0.375072
0.460067
0.619739
0.173681
0.082217
0.137120
0.655904
0.474563
0.117740
0.718253
0.343547
0.636128
0.406720
0.188513
0.946654
0.708914
0.770837
0.663350
0.877316
0.681570
0.068728
0.592639
0.208197
0.568987
0.057039
0.802881
0.671194
0.041353
0.628101
0.408490
0.048555
0.875393
0.581164
0.123417
0.363079
0.009064
0.583056
0.004364
0.773125
0.481460
0.474349
0.157109
0.579211
0.038026
0.577624
0.436659
0.247902
0.683645
0.163854
0.673055
0.859981
0.963958
0.733421
0.453688
0.887967
0.256447
0.267495
0.993652
0.710776
0.852718
0.106784
0.124821
0.770470
0.112735
0.613117
0.936064
0.777795
0.472915
0.270760
0.094150
0.873165
0.588794
0.383190
0.378613
0.148625
0.393628
0.022126
0.459609
0.437605
0.354564
0.384381
0.452223
0.778314
0.706961
0.213507
0.276650
0.457381
0.948759
0.441969
0.356761
0.039827
0.375713
0.710318
0.687399
0.291482
0.938993
0.919492
0.802454
0.400250
0.206091
0.472732
0.674306
0.402509
0.706961
0.363140
0.076296
0.221046
0.445418
0.762993
0.439283
0.219977
0.858638
0.271493
0.733573
0.684286
0.004547
0.477065
0.407483
0.128636
0.259407
0.989898
0.914029
0.843226
0.305887
0.601978
0.856227
0.581652
0.694174
0.729972
0.283456
0.798090
0.755730
0.797662
0.168859
0.339000
0.152532
0.714225
0.600116
0.996887
0.842006
0.104099
0.713828
0.830744
0.739067
0.445601
0.906003
0.661184
0.857051
0.773339
0.348369
0.645131
0.208167
0.101932
0.343364
0.336924
0.245094
0.226356
0.547563
0.142155
0.124638
0.055513
0.596088
0.570147
0.575152
0.135380
0.158177
0.191656
0.648518
0.517716
0.956084
0.707816
0.138340
0.630726
0.777612
0.036622
0.945280
0.308237
0.014618
0.823511
0.170843
0.632832
0.757775
0.281503
0.221107
0.750023
0.979034
0.768334
0.701407
0.309305
0.833949
0.005463
0.383038
0.688467
0.613636
0.346629
0.024018
0.657094
0.378796
0.000732
0.323984
0.636158
0.806574
0.616779
0.795648
0.209296
0.281259
0.135777
0.833033
0.042299
0.760979
0.316965
0.758751
0.867336
0.450331
0.843684
0.130497
0.687307
0.811518
0.415937
0.089053
0.857936
0.944090
0.735343
0.028138
0.202216
0.865658
0.788873
0.368175
0.815149
0.723594
0.337809
0.714408
0.713401
0.470199
0.017975
0.181280
0.987518
0.031648
0.957579
0.164281
0.611957
0.502609
0.318613
0.339702
0.569842
0.397046
0.668813
0.174810
0.448256
0.487503
0.589618
0.728660
0.160466
0.263039
0.426679
0.025086
0.951567
0.537889
0.589465
0.779809
0.343181
0.241554
0.305612
0.761376
0.174444
0.921812
0.236885
0.569018
0.394299
0.992004
0.862575
0.107212
0.762474
0.253487
0.036653
0.539018
0.114628
0.725120
0.625324
0.998901
0.348491
0.310007
0.630390
0.846980
0.786584
0.332041
0.705771
0.745201
0.072420
0.472457
0.472335
0.337168
0.256142
0.138066
0.538224
0.812799
0.225623
0.792535
0.630146
0.138707
0.139927
0.281564
0.742607
0.236335
0.020508
0.683798
0.710654
0.888150
0.157231
0.717978
0.112827
0.653737
0.485000
0.238258
0.910611
0.577105
0.587085
0.848628
0.730064
0.966033
0.482101
0.167577
0.192602
0.024964
0.850124
0.774682
0.200873
0.622822
0.854488
0.369671
0.585711
0.976592
0.215796
0.176061
0.020783
0.532365
0.693930
0.119907
0.611286
0.824854
0.634449
0.815332
0.062258
0.596576
0.735893
0.887722
0.833827
0.958342
0.694021
0.666524
0.188238
0.871426
0.879055
0.777856
0.536637
0.734062
0.702506
0.669240
0.990173
0.351878
0.829798
0.596881
0.522752
0.075045
0.894681
0.107364
0.651479
0.382183
0.871853
0.544511
0.040590
0.693075
0.764214
0.613086
0.935850
0.691000
0.760643
0.530137
0.834834
0.936216
0.520768
0.795770
0.300302
0.051485
0.743004
0.114017
0.322062
0.261513
0.671987
0.495773
0.133793
0.566607
0.701651
0.073977
0.891751
0.332804
0.730461
0.663594
0.120243
0.579089
0.424604
0.596545
0.331828
0.743126
0.045808
0.863491
0.726859
0.206763
0.999908
0.093448
0.379681
0.362560
0.761895
0.402570
0.817499
0.502579
0.334971
0.643178
0.397748
0.310770
0.898404
0.084628
0.390881
0.239906
0.801294
0.057100
0.174322
0.554765
0.558336
0.589129
0.443953
0.322489
0.003784
0.571123
0.849513
0.131474
0.259835
0.474960
0.960082
0.819880
0.675558
0.161931
0.965789
0.995453
0.393170
0.809503
0.022248
0.627277
0.697165
0.488571
0.643849
0.491409
0.802942
0.422407
0.051668
0.750908
0.241279
0.458571
0.883511
0.452132
0.494827
0.784661
0.170690
0.218146
0.042329
0.419691
0.989380
0.920866
0.467971
0.512223
0.691336
0.612629
0.790857
0.976073
0.121555
0.499130
0.671773
0.495285
0.728324
0.234352
0.653066
0.429731
0.971709
0.319285
0.087924
0.651906
0.937712
0.885037
0.915494
0.847011
0.563433
0.642323
0.937620
0.306986
0.379833
0.277993
0.754326
0.749931
0.178381
0.080264
0.013276
0.196203
0.507797
0.073519
0.130161
0.432539
0.406964
0.444197
0.135960
0.094943
0.280648
0.538987
0.807459
0.902493
0.323954
0.216559
0.737114
0.072176
0.401746
0.833949
0.498856
0.447279
0.789544
0.649007
0.565630
0.369274
0.681936
0.920255
0.135075
0.825709
0.874874
0.485000
0.520035
0.904111
0.527909
0.097385
0.259194
0.084323
0.412976
0.307474
0.605365
0.399762
0.555498
0.162481
0.546251
0.998871
0.674520
0.511582
0.015290
0.138554
0.327830
0.195471
0.447768
0.140416
0.168523
0.902127
0.339091
0.340953
0.218848
0.969390
0.961272
0.567248
0.568255
0.916471
0.893704
0.169378
0.401318
0.985229
0.524857
0.140721
0.761925
0.471999
0.180761
0.357189
0.960265
0.132389
0.036744
0.467147
0.028443
0.438948
0.468642
0.462630
0.131260
0.973876
0.999725
0.463881
0.338328
0.737877
0.499466
0.747612
0.663686
0.656056
0.790704
0.550920
0.779351
0.062441
0.321085
0.681722
0.308908
0.444258
0.055300
0.467147
0.107364
0.227088
0.244270
0.071047
0.433729
0.882626
0.227393
0.711905
0.422163
0.139531
0.924589
0.812220
0.758568
0.579485
0.173528
0.611225
0.968169
0.398663
0.569445
0.271157
0.220771
0.617298
0.962523
0.009400
0.060121
0.516953
0.270211
0.287057
0.962859
0.588061
0.760033
0.585345
0.134159
0.768303
0.459212
0.801325
0.445845
0.253212
0.847987
0.793878
0.923338
0.660512
0.491714
0.111362
0.687521
0.828944
0.769280
0.432264
0.758415
0.033204
0.352977
0.749718
0.625721
0.896329
0.597095
0.831660
0.993866
0.780236
0.490341
0.987640
0.606586
0.936430
0.329600
0.673299
0.558336
0.197394
0.770165
0.964263
0.997864
0.490493
0.409436
0.430128
0.630726
0.955229
0.559954
0.440443
0.927183
0.945189
0.368175
0.433149
0.440809
0.696402
0.935301
0.177648
0.145360
0.942564
0.595996
0.562761
0.194983
0.258736
0.011963
0.941832
0.014679
0.415326
0.236000
0.565203
0.127171
0.522477
0.402966
0.132359
0.622181
0.247078
0.204016
0.993988
0.674581
0.883236
0.800439
0.035951
0.017762
0.557329
0.332865
0.776238
0.778283
0.349467
0.682852
0.705618
0.577807
0.611713
0.642109
0.404218
0.309336
0.265236
0.146886
0.464370
0.493179
0.357067
0.732414
0.751610
0.619343
0.657857
0.864681
0.034394
0.382580
0.581805
0.305216
0.514939
0.216193
0.210456
0.165532
0.290811
0.030885
0.700827
0.807123
0.280099
0.565020
0.859798
0.243294
0.640522
0.252388
0.165746
0.199561
0.213630
0.013886
0.018708
0.488113
0.026246
0.879147
0.500198
0.853267
0.379162
0.844569
0.424055
0.943632
0.555437
0.874020
0.959777
0.567766
0.678823
0.448225
0.609027
0.888943
0.754021
0.569292
0.817286
0.715964
0.419630
0.626484
0.001068
0.545640
0.445448
0.029725
0.272927
0.513688
0.504959
0.016877
0.644459
0.909909
0.254616
0.540971
0.989471
0.414167
0.250893
0.643910
0.547899
0.709433
0.736656
0.222694
0.252266
0.627644
0.827631
0.594562
0.657277
0.485488
0.130894
0.767022
0.754601
0.765709
0.325877
0.819330
0.453261
0.800104
0.739830
0.301645
0.007660
0.611133
0.448347
0.057833
0.173894
0.567766
0.932920
0.378368
0.375866
0.012116
0.826044
0.889737
0.662465
0.512864
0.775597
0.086093
0.736930
0.902097
0.959716
0.910337
0.839869
0.751396
0.283029
0.289315
0.766930
0.443892
0.786279
0.031495
0.802515
0.498062
0.299265
0.991272
0.850703
0.299692
0.870235
0.907498
0.544847
0.898526
0.000855
0.822260
0.616749
0.025269
0.220008
0.485549
0.307016
0.986084
0.026002
0.652974
0.097537
0.589587
0.729545
0.681875
0.547624
0.763970
0.228278
0.332774
0.514695
0.019318
0.244331
0.182196
0.541276
0.412305
0.055666
0.552873
0.688986
0.168554
0.253212
0.367840
0.601215
0.620106
0.554430
0.834742
0.075564
0.613025
0.204627
0.366222
0.927152
0.042299
0.997925
0.643269
0.424268
0.669881
0.447951
0.226814
0.077700
0.881893
0.140660
0.625141
0.064516
0.542070
0.799951
0.221870
0.068209
0.596728
0.097140
0.972137
0.815729
0.588061
0.736320
0.272164
0.093295
0.731864
0.845759
0.909268
0.522141
0.716086
0.207801
0.497818
0.874660
0.876247
0.357585
0.308176
0.213385
0.903958
0.081942
0.894131
0.633442
0.745079
0.350536
0.425459
0.889370
0.843440
0.209235
0.132176
0.688284
0.386578
0.668142
0.765862
0.930387
0.709769
0.114597
0.484939
0.677633
0.514237
0.283303
0.070437
0.132481
0.056337
0.313791
0.877621
0.407575
0.963652
0.927519
0.430219
0.367534
0.834040
0.254891
0.063814
0.324473
0.274606
0.344462
0.524033
0.868282
0.535905
0.884579
0.926115
0.612629
0.398297
0.169195
0.982147
0.138646
0.466597
0.839564
0.901914
0.916868
0.529069
0.431806
0.874264
0.488876
0.136998
0.263070
0.534196
0.690237
0.061586
0.686453
0.323069
0.195471
0.783654
0.246254
0.147313
0.166692
0.672964
0.765282
0.242347
0.286721
0.013306
0.894498
0.647816
0.958739
0.529588
0.157262
0.200293
0.952574
0.572649
0.018799
0.450117
0.280038
0.619312
0.012146
0.407788
0.579821
0.242470
0.452376
0.527360
0.793176
0.208411
0.769433
0.831751
0.412366
0.857479
0.991882
0.587268
0.082156
0.423688
0.412030
0.433241
0.836390
0.450758
0.963897
0.372723
0.750237
0.959410
0.345470
0.530992
0.290262
0.523270
0.416272
0.087741
0.142399
0.909299
0.901639
0.289499
0.800104
0.438429
0.934690
0.948210
0.693228
0.723746
0.467696
0.332408
0.139531
0.941557
0.083743
0.857509
0.899319
0.291757
0.240028
0.480697
0.615070
0.804468
0.473861
0.207556
0.917112
0.147923
0.603168
0.616047
0.476272
0.595080
0.452162
0.804407
0.785485
0.804498
0.133580
0.669057
0.950774
0.571795
0.419172
0.919034
0.273446
0.208350
0.228736
0.732597
0.904538
0.703055
0.770226
0.463210
0.352702
0.323283
0.360881
0.300027
0.126988
0.812037
0.461776
0.290231
0.295480
0.836665
0.956053
0.628529
0.241249
0.845943
0.202826
0.620716
0.396954
0.991668
0.897794
0.227302
0.239051
0.270730
0.271371
0.593371
0.323099
0.544359
0.656392
0.470992
0.641224
0.590533
0.955809
0.940703
0.083254
0.845668
0.042390
0.337748
0.282571
0.992248
0.621204
0.789972
0.627827
0.048250
0.585925
0.272805
0.722190
0.114933
0.400983
0.588794
0.070833
0.438856
0.540147
0.176458
0.278542
0.944700
0.513016
0.156041
0.537797
0.895108
0.510575
0.517563
0.689688
0.833705
0.201239
0.857631
0.638081
0.467513
0.708670
0.571673
0.398389
0.645100
0.302042
0.907163
0.562792
0.086703
0.830988
0.784478
0.462264
0.022492
0.435530
0.791833
0.807428
0.395337
0.562883
0.259896
0.088931
0.784326
0.822077
0.823176
0.519303
0.705100
0.707602
0.373516
0.796289
0.443495
0.723685
0.812891
0.470504
0.078738
0.940001
0.510819
0.197394
0.851985
0.510361
0.873531
0.655354
0.537217
0.185583
0.930387
0.410993
0.970183
0.351604
0.344310
0.513138
0.391614
0.624439
0.752312
0.096316
0.761559
0.532731
0.842036
0.775689
0.700217
0.319926
0.071383
0.113559
0.212226
0.396313
0.436598
0.940184
0.850520
0.472915
0.195441
0.808741
0.475387
0.908536
0.951994
0.366649
0.266213
0.300363
0.008606
0.924070
0.140812
0.850703
0.392071
0.000732
0.239448
0.539476
0.459548
0.132969
0.629597
0.635548
0.491165
0.721274
0.887539
0.576403
0.174810
0.200385
0.713370
0.748711
0.390088
0.312967
0.235176
0.200323
0.197119
0.767815
0.159124
0.815149
0.436781
0.064150
0.421461
0.982269
0.848537
0.763421
0.498611
0.290384
0.112003
0.989257
0.031861
0.278970
0.718833
0.437391
0.922819
0.777184
0.080416
0.676595
0.555406
0.861965
0.778863
0.021851
0.301614
0.966704
0.366070
0.761010
0.966430
0.171239
0.618610
0.016236
0.328257
0.205023
0.653279
0.021485
0.431837
0.194311
0.810694
0.097293
0.788842
0.684652
0.712455
0.103885
0.143132
0.970153
0.398541
0.654347
0.956938
0.260628
0.950896
0.868465
0.273354
0.717917
0.509659
0.949278
0.112980
0.892300
0.088351
0.362651
0.059084
0.591021
0.093936
0.901975
0.189062
0.709372
0.958220
0.418653
0.007599
0.055971
0.786981
0.500168
0.538163
0.703635
0.432875
0.876186
0.228797
0.896420
0.898343
0.834864
0.828822
0.045137
0.474776
0.429945
0.892300
0.841731
0.524705
0.760277
0.064699
0.023743
0.312082
0.102512
0.809381
0.821192
0.788415
0.179083
0.729118
0.615436
0.739525
0.341807
0.140172
0.842891
0.200476
0.952727
0.054384
0.673757
0.544053
0.743828
0.225562
0.497482
0.149083
0.436232
0.416700
0.746208
0.055757
0.400342
0.544206
0.087130
0.512741
0.638630
0.855281
0.515671
0.823695
0.871487
0.794671
0.379620
0.398541
0.008057
0.717185
0.866878
0.416364
0.783349
0.102298
0.986908
0.005554
0.841945
0.426710
0.577654
0.347942
0.050844
0.351482
0.369274
0.613056
0.321940
0.379986
0.635487
0.128605
0.725211
0.642506
0.464248
0.693747
0.174474
0.964415
0.178808
0.440687
0.466628
0.873562
0.940367
0.152104
0.955535
0.703330
0.063509
0.439222
0.641987
0.447890
0.076144
0.687765
0.961028
0.525437
0.054292
0.177801
0.047487
0.105838
0.264016
0.283517
0.761864
0.159307
0.641011
0.159398
0.256355
0.881710
0.139256
0.818903
0.364147
0.653127
0.480239
0.012055
0.591388
0.185949
0.333720
0.808191
0.994385
0.018860
0.461501
0.289773
0.722678
0.012177
0.855037
0.263985
0.509415
0.002136
0.398816
0.398175
0.890286
0.269112
0.090152
0.685263
0.431898
0.976684
0.346995
0.645436
0.751854
0.237678
0.434675
0.170660
0.610218
0.963622
0.543199
0.417859
0.855342
0.153050
0.546312
0.657033
0.503708
0.776330
0.973144
0.480941
0.736534
0.911649
0.224158
0.282296
0.092868
0.289773
0.562639
0.404798
0.641865
0.903134
0.912412
0.874081
0.414411
0.835200
0.993957
0.115268
0.875973
0.967528
0.829279
0.562853
0.721549
0.719382
0.147282
0.569536
0.774346
0.477187
0.720939
0.520157
0.268990
0.869503
0.167058
0.556902
0.301035
0.543931
0.240455
0.822047
0.723350
0.602405
0.153386
0.624653
0.271310
0.350810
0.951689
0.437208
0.197882
0.519303
0.478561
0.128727
0.199286
0.609516
0.958068
0.340342
0.913205
0.525193
0.728263
0.409650
0.770562
0.142033
0.156652
0.750389
0.481887
0.973479
0.268105
0.093112
0.939879
0.588031
0.117038
0.493820
0.819025
0.935392
0.435072
0.516007
0.653859
0.236518
0.585162
0.493027
0.677145
0.594684
0.353832
0.276894
0.198614
0.983276
0.612262
0.379376
0.806513
0.766991
0.378155
0.912107
0.172308
0.412488
0.308786
0.231697
0.740226
0.544481
0.157384
0.696310
0.082949
0.004120
0.223273
0.439497
0.204352
0.065310
0.327769
0.568346
0.571001
0.465743
0.346355
0.691183
0.153142
0.408246
0.828974
0.182043
0.256996
0.189581
0.739463
0.087436
0.429090
0.612049
0.845302
0.082003
0.214240
0.834681
0.788934
0.379437
0.048189
0.820154
0.372234
0.004334
0.066469
0.033692
0.084841
0.332133
0.110111
0.550096
0.407971
0.302438
0.710471
0.225196
0.924924
0.212622
0.333201
0.088168
0.769463
0.497787
0.663747
0.610584
0.443342
0.403241
0.214759
0.008820
0.534165
0.955809
0.037202
0.235939
0.364879
0.140080
0.816248
0.819208
0.106296
0.686483
0.132847
0.199438
0.383587
0.376110
0.173223
0.728813
0.908292
0.270272
0.666250
0.983001
0.166784
0.769463
0.330821
0.543901
0.697043
0.908933
0.614429
0.909574
0.983978
0.796777
0.003601
0.687063
0.505631
0.601032
0.688375
0.725028
0.960753
0.991485
0.860927
0.341746
0.209387
0.443098
0.430769
0.305307
0.957671
0.306986
0.436934
0.721854
0.717612
0.055116
0.938627
0.488327
0.074190
0.605152
0.665822
0.466079
0.789697
0.131474
0.210822
0.031098
0.777581
0.269234
0.041993
0.157750
0.476669
0.116611
0.121036
0.691763
0.656819
0.942625
0.405194
0.969085
0.187658
0.005921
0.015168
0.436506
0.801447
0.391644
0.350627
0.430769
0.381176
0.271493
0.934050
0.771752
0.805567
0.494278
0.264168
0.326670
0.881649
0.912839
0.461013
0.201056
0.396680
0.353099
0.982513
0.713157
0.820612
0.632679
0.194891
0.807306
0.689657
0.533769
0.078188
0.063692
0.203406
0.137913
0.847255
0.959502
0.065554
0.428175
0.770104
0.538469
0.100375
0.565111
0.965270
0.144993
0.675588
0.742851
0.458174
0.378796
0.463332
0.031465
0.279305
0.926542
0.570055
0.112094
0.883938
0.426710
0.566973
0.310587
0.675771
0.024018
0.452132
0.836512
0.915372
0.769463
0.075228
0.633229
0.794397
0.521989
0.056887
0.745903
0.957305
0.509079
0.732871
0.612995
0.251259
0.201117
0.155248
0.187933
0.986389
0.656911
0.681539
0.297281
0.486251
0.995788
0.182653
0.141179
0.211371
0.153172
0.401563
0.342998
0.235755
0.575610
0.493271
0.453566
0.358287
0.011353
0.278054
0.317270
0.630329
0.052889
0.238624
0.205420
0.580370
0.587909
0.792566
0.123356
0.917356
0.814417
0.871731
0.197974
0.993530
0.976714
0.339213
0.551286
0.808679
0.478439
0.275796
0.566607
0.836238
0.528550
0.666402
0.953764
0.453261
0.976959
0.518418
0.519028
0.254891
0.495743
0.942961
0.046785
0.034944
0.762505
0.230079
0.198584
0.713858
0.801630
0.449629
0.835780
0.994964
0.140294
0.608417
0.672658
0.030610
0.935087
0.895627
0.665822
0.879574
0.725303
0.046968
0.045808
0.036012
0.970061
0.359783
0.397961
0.812922
0.024110
0.389111
0.698141
0.859340
0.710135
0.857234
0.709738
0.594470
0.142155
0.806940
0.648488
0.838466
0.958037
0.530503
0.520920
0.421827
0.615619
0.305094
0.042848
0.054994
0.910184
0.466201
0.544450
0.238289
0.368480
0.849971
0.767541
0.494644
0.676168
0.136265
0.962065
0.705557
0.794580
0.123234
0.187445
0.832026
0.923338
0.464522
0.225227
0.801325
0.964690
0.901028
0.009491
0.841090
0.646290
0.517808
0.980865
0.041993
0.958373
0.057680
0.270730
0.430158
0.061464
0.822687
0.121952
0.330424
0.321268
0.194739
0.451704
0.302133
0.626637
0.306650
0.963652
0.428297
0.646962
0.894833
0.714743
0.239570
0.185369
0.864711
0.543779
0.054140
0.283914
0.600543
0.267190
0.014985
0.236732
0.550493
0.048769
0.605701
0.167821
0.118351
0.849727
0.925871
0.329630
0.393078
0.364422
0.507706
0.778314
0.747581
0.349620
0.954863
0.582446
0.837977
0.751579
0.184545
0.221107
0.034181
0.539048
0.554949
0.327586
0.813837
0.647053
0.657918
0.435163
0.149815
0.938414
0.059633
0.880978
0.423750
0.589251
0.769402
0.524491
0.895596
0.804437
0.718162
0.436537
0.261574
0.269173
0.028230
0.215369
0.331004
0.243660
0.355358
0.085849
0.353496
0.706015
0.083895
0.438246
0.027924
0.450667
0.657216
0.962554
0.724326
0.547960
0.823817
0.034822
0.949553
0.071230
0.080752
0.511887
0.588946
0.498001
0.095859
0.590167
0.954070
0.690817
0.389294
0.885434
0.168676
0.864803
0.056307
0.389538
0.923765
0.447615
0.812555
0.460311
0.132756
0.238319
0.142216
0.500687
0.518876
0.771111
0.831874
0.483963
0.664724
0.290689
0.669240
0.980651
0.556566
0.245064
0.590289
0.843593
0.153722
0.702017
0.054079
0.207801
0.014679
0.595996
0.927824
0.960692
0.511093
0.211066
0.662526
0.339183
0.660848
0.806452
0.041444
0.810572
0.111576
0.791131
0.281655
0.892148
0.306070
0.353160
0.770470
0.066927
0.359905
0.950743
0.217872
0.451521
0.684042
0.570452
0.506424
0.371410
0.882107
0.159551
0.019288
0.501755
0.954772
0.138401
0.728477
0.727989
0.341838
0.399030
0.823634
0.383862
0.833522
0.696371
0.163427
0.022614
0.882015
0.838282
0.330546
0.377422
0.344829
0.580859
0.570971
0.667806
0.190985
0.634754
0.399670
0.907682
0.201331
0.689230
0.153630
0.371990
0.194128
0.860134
0.273019
0.877499
0.807642
0.467727
0.592334
0.034242
0.370098
0.551073
0.422681
0.124393
0.889340
0.024812
0.706107
0.763695
0.692312
0.884945
0.023499
0.002747
0.746757
0.369488
0.737510
0.024049
0.195318
0.480667
0.050813
0.090609
0.134068
0.774560
0.262673
0.903195
0.166326
0.824488
0.002960
0.021760
0.763054
0.264809
0.726646
0.507675
