26906
5962
19328
13377
25799
25094
4165
23625
23018
18988
21346
10620
4844
4243
12839
25726
5171
19737
13770
16188
8005
30007
4011
12323
28977
12505
27356
3472
16427
29036
30433
32135
15478
32568
4020
3495
6279
28912
9997
1885
23655
16775
21215
21593
2137
30790
9510
1854
19133
5916
12512
23710
19764
17205
24665
18469
23813
23501
172
25108
29375
29511
9863
18673
23840
24185
20526
19325
4918
20043
26819
28391
29124
10112
4292
9535
26599
3283
20437
18477
22265
20294
5056
11235
10678
14519
8378
24144
26269
25780
22248
26263
16793
7056
28961
6335
28897
25526
8438
20908
18717
15678
11247
12110
25802
15294
28184
6424
23263
29283
26044
11444
18609
26176
11377
25333
13076
31461
340
269
707
3380
18582
10752
8194
12400
9272
9304
29057
16791
2578
10267
17028
17650
31514
18682
21569
16874
16355
20683
7817
4381
20068
7737
939
20657
15611
23482
31638
29416
26290
8898
31293
6901
9408
24375
5440
15375
16723
1828
11464
11971
1932
31409
7090
12430
5323
8275
13041
427
20270
4416
1069
5418
9556
27174
16304
1858
31591
5148
10627
19944
26969
6617
27092
22432
11885
23843
15515
3220
32250
16523
17534
26083
2412
6488
1265
3899
27531
32193
18337
18090
22784
17247
28947
28337
14868
16865
2184
1691
4540
11778
30501
32012
21971
8376
16976
4317
7334
7854
17757
13351
17333
13301
11882
9630
29624
30711
17031
13345
9697
3500
11547
24719
3681
29712
24195
20955
4141
15060
15867
20323
7682
28499
12994
13693
11430
21961
18553
6227
6770
17087
29388
2290
12301
10442
13397
12445
7802
11893
11453
13927
7765
24700
21029
8961
5209
21563
22980
14032
24358
20069
5073
26178
12865
16889
16035
28771
8797
15218
5399
17323
18137
3135
7218
9498
5257
19058
29703
19848
21945
30908
12251
28982
25455
27289
31112
26024
1009
14536
1055
22967
4743
23038
4561
21474
21634
13275
4368
27365
8061
14365
5361
27789
13539
25108
11477
26314
30386
10326
24392
18182
22910
14003
19497
949
14264
1131
14860
1069
27184
6815
4828
15032
18905
7942
5061
9448
32460
30433
13392
9771
16528
5681
2256
28831
27545
20263
9214
28712
4110
13788
15328
27583
24016
27714
5615
20749
4535
27227
32376
24120
18463
5800
20291
7677
22691
17125
18803
27135
7976
24819
18093
26462
22046
1046
1404
12684
26114
608
5364
10076
20007
19053
9110
3676
2743
16721
13684
101
7156
15567
1430
22384
4804
28108
5787
2987
18029
20226
13987
14285
6045
27641
31341
14246
25773
5171
29629
5370
4902
20135
9985
13967
21125
8562
1075
1413
31803
456
26369
31974
13560
48
25132
22398
13097
1265
23086
20461
20160
12487
13087
9978
15923
13787
5593
25642
9415
15602
4187
1170
22030
10981
5483
3049
29358
23121
8064
11233
16997
7567
31454
30135
28490
7399
31491
18953
1622
25856
8002
31465
24866
14747
27310
21551
23794
129
29497
32275
755
22714
27677
28155
1473
12800
12155
22929
14380
30836
2882
24601
24892
10383
21843
24066
4467
24410
2787
7866
23889
15074
32544
24775
8478
7910
23831
24596
12771
12756
213
23176
8122
9716
27596
17117
27975
8930
22649
5552
24711
25409
12612
1236
20680
23214
28328
27884
5625
30707
8339
18745
32036
22397
10000
6576
26169
31249
24099
28496
28429
21434
16628
4786
20386
18182
18480
30946
19369
24689
1965
31341
23877
26146
20301
187
32018
4053
21284
7583
11110
31513
7901
16685
7895
12219
22617
460
15357
18562
5530
10892
14969
5148
18912
953
6965
16985
3601
2480
21486
29079
18526
1521
21488
12414
30500
15990
17953
18413
8976
12099
13377
24883
15495
575
28528
23683
26693
14658
25073
27554
32580
15983
11821
17635
17887
20164
16123
597
7735
29423
11550
315
14806
31331
7695
21948
3730
11436
32766
9948
4788
9471
18195
1707
1114
3094
4089
6844
16410
9275
19357
10457
27368
23458
22579
23541
29498
22779
11131
21858
11626
13896
29250
24133
3931
24044
18731
19782
20319
15877
29359
29836
27224
17916
11875
11240
21790
25179
5497
19280
23841
27358
8330
10640
31824
14028
14995
29500
9273
19335
1341
28137
17521
22882
12897
31644
4150
31412
5835
29315
18259
26923
23102
7395
1604
7522
26809
30034
24987
3253
2297
29478
20642
31060
15423
31533
11074
2198
19283
18591
16163
5008
9417
25168
16405
26087
28803
28714
6063
24290
31863
1243
22581
10435
26290
12235
22207
31320
10397
27473
12440
5837
26496
15142
16357
32708
11844
3866
17287
3495
29821
15877
15938
25149
5800
11521
20766
27004
9136
30422
5389
23711
9144
10166
14287
31608
15380
24875
24595
28678
21656
31309
7391
4170
8726
28728
25649
29271
14882
15037
25831
1705
5144
22872
12252
11447
7009
11362
31828
30155
14065
28296
2970
2578
27156
25212
28647
25583
29291
2282
14982
21909
1841
29358
21814
3285
7619
836
2768
2356
22368
14208
809
14401
31789
17535
13882
11302
10108
8925
6782
8316
2381
23080
4764
16740
24853
8341
24134
26835
5567
8946
4705
17965
3825
2268
23654
9238
13200
2354
5384
16517
12678
8906
26135
27417
29379
19810
1956
23985
25473
14041
22630
823
28109
24735
21852
8380
20035
12650
13492
5322
9753
20266
10220
8437
28255
21824
2359
29108
12420
15082
30754
22639
10269
32258
10615
27609
12770
26089
28257
640
11257
29374
14034
15267
11128
19667
4898
2627
11045
18529
30969
30332
6016
20858
20334
2326
23555
21568
1648
5464
21928
30037
15717
21788
20140
11922
15634
2857
26514
9212
18619
8124
4460
17651
2699
27496
32086
3501
7990
9248
9539
31971
1244
8339
20988
4554
28977
26040
16997
26181
21211
12969
22530
14681
539
32436
27835
32225
25776
7599
13788
16771
2296
32397
22624
32738
31833
14383
4719
13845
24799
22652
7717
19033
1574
10676
12693
7170
2427
25089
16398
20408
16702
29008
24733
11231
30602
24926
32210
6487
14361
31766
12999
7270
13665
11290
31071
23026
2307
19360
3532
31988
21350
21887
11092
4137
32415
11401
1620
8203
10389
27932
10117
14591
30818
31988
3198
5584
25340
19779
12666
4700
8980
772
26716
13965
26686
31116
8432
28043
339
21346
1652
15664
1555
3408
5719
4541
17423
18362
5184
29131
29383
14895
32594
11908
29455
1342
27823
25618
7607
22155
27450
24152
25962
4898
21666
13792
20439
31754
12188
14613
2575
286
1903
30131
7214
13848
23734
30331
62
7663
4961
2347
8280
16483
510
8365
12
15829
1591
10127
5380
21853
17051
22195
4835
4375
27041
25672
11891
3261
14825
7928
7168
2683
4038
18787
19711
18942
12282
18893
12532
21967
12224
531
32146
15071
7696
25572
16931
24163
21022
5421
18986
26081
804
14549
4935
25995
3425
12203
23132
18637
2145
26013
1006
10530
4736
32554
25550
1835
30122
31514
10232
6658
2404
7276
27323
10444
30224
12432
12314
8845
15724
1494
21107
26689
11357
9767
8798
32040
6635
10739
15832
4449
6028
14186
25249
6842
30373
495
16354
28615
18254
24009
2835
6449
13398
15388
23580
19793
24710
8984
5306
18941
10538
30321
22309
162
29134
9231
20464
18579
23878
2310
22320
2977
6129
8904
11488
8428
5950
24730
21636
18937
29294
10564
21517
1540
14492
26893
23037
12183
26619
15334
3787
6235
27232
2022
5513
5935
15104
7158
32708
15479
6522
9934
14508
8374
28184
6688
11124
352
17233
19986
10492
8169
30867
30962
20654
5922
4672
20261
166
6853
19191
24417
4373
21838
18964
32541
24295
22541
9082
23365
27043
20858
1168
305
2195
32200
12937
29656
31526
1469
15849
8513
22674
16320
3908
19515
8893
1844
12617
15950
94
7684
31744
22001
25183
19583
1360
17661
6279
13159
31428
4962
6485
1092
18575
14873
303
5118
12749
27226
3260
31659
15883
21774
4750
15270
8202
1671
16388
5345
31168
10863
7534
3196
8608
19454
7539
19862
19739
26224
15280
23907
17511
22967
28322
21886
895
5997
28870
6273
27755
7180
9470
13524
28353
2145
6711
27074
18540
28478
29257
722
17324
11120
12318
32084
5726
20976
12567
11322
18046
5214
21931
20009
14314
10154
7506
18896
18280
789
14753
1145
5867
2904
23734
1757
28434
32290
18134
25661
23026
12744
22357
6062
23317
32056
9398
19381
26818
23600
24596
16403
2687
9133
1985
16866
16597
23205
11564
27105
6739
2808
21000
5389
6614
7845
8362
19313
20999
7481
947
2366
23076
23950
24816
7710
4
32689
31614
5830
23381
17188
16690
25802
9769
3398
1847
14518
32433
13327
31225
16986
30279
24832
17474
19301
4530
8282
12707
24630
7846
28815
20502
31470
651
26102
21729
25802
26239
14018
18622
16816
25758
17205
16184
31239
6785
28177
7512
30412
17668
22864
13185
25570
18765
23316
11929
27818
20234
16097
9321
9940
20473
9994
16199
8053
16558
8809
19698
15961
13969
19027
13501
29594
12070
31947
6384
25457
23697
1782
10091
1101
7001
21456
23948
25378
30060
29468
17235
516
22115
3233
25028
1268
21768
5011
30861
8442
13845
20048
14057
372
3135
1613
31684
6061
6515
29775
24864
2225
21856
15582
5815
11616
15669
4342
20450
22722
20652
18177
18617
22682
24647
2
9852
25662
4313
11539
14130
28069
14409
2321
21647
2242
30611
23190
28187
23824
13839
4647
32401
21871
25078
6319
28805
558
6690
25132
13898
24937
9493
6313
6419
405
22845
29548
856
12889
23159
3696
19068
14239
20689
22038
15276
13036
31892
23319
28682
14060
19330
8893
11275
14674
21340
18259
19997
22239
21927
31962
4238
7615
12464
19965
8873
21020
25038
9543
23842
24814
31975
30356
5556
29968
15669
7365
22024
25241
4938
16312
31193
23657
21586
22136
30806
10242
28313
6576
23751
17306
18253
31334
12916
12910
9604
28901
26562
25432
20096
14331
27808
26020
14130
18533
4129
24608
28414
10376
24938
32370
10174
25698
6095
18606
32521
16831
17977
6440
27829
1200
24011
9351
31386
22585
17349
18459
10649
12106
32424
4721
10206
12784
16027
14884
15457
2765
17677
30453
2995
10438
28572
28958
6647
18683
27189
15076
11822
23804
19581
2156
31417
8506
9840
6607
12056
30651
16456
2928
22264
23314
4513
142
10861
32143
13274
23573
13180
26803
21438
31674
27868
12518
26212
10566
15869
4460
9555
13874
30794
1174
5610
30069
14764
11317
8192
1946
22607
7764
30663
11541
15272
27175
24310
4823
18103
26942
295
19744
14217
12542
28541
29845
8194
14418
32651
6546
23513
1438
4465
449
10212
30965
328
25580
16022
1675
18369
5647
7622
30061
3592
25010
22961
30319
14575
29301
8515
10086
12104
4845
22418
22168
24466
11182
26284
6769
18649
14505
12178
4472
2775
10425
15236
24193
16735
23416
4735
13603
12028
12631
23301
2668
31445
25070
10012
15828
1491
3216
4761
20080
6918
14115
5790
28776
32581
12078
13922
5803
9237
308
26928
17633
461
31297
26035
15778
23799
26562
12912
24805
31480
2457
8084
20155
2548
27249
3568
8765
16364
4687
10050
22722
29993
18282
27574
14678
15838
20797
14508
20584
18185
29146
11452
21443
31386
2433
3319
704
11991
6257
3952
22201
25855
4862
12028
6080
23341
15332
27701
10641
30080
30939
8133
9414
17017
21868
16865
4170
7844
10242
19219
20240
15227
3396
4669
5637
3463
11682
19419
32323
26056
302
3720
1927
14935
1454
196
7909
25162
6895
5108
32186
18648
31068
28842
29923
23486
30414
30759
30764
14560
3494
32542
32267
24372
23066
9659
1935
26332
460
28900
25747
1170
14753
2239
2103
23625
24016
16500
401
26385
20537
19252
27807
28732
4345
17018
28544
28095
17723
24976
6116
14299
8272
6742
11458
25596
25347
26431
18505
18145
25894
32412
19992
25085
23921
19229
4529
16413
23437
19860
16683
1356
10347
19453
26664
13811
218
29116
7943
31045
24153
17701
14939
23258
16937
5697
3739
20378
13991
19151
7195
477
31449
11146
14138
10449
3143
5802
221
28443
780
15277
17181
11457
29740
17495
1597
30791
20008
3832
29151
21272
25552
24045
20087
29992
6489
8297
15103
31704
26543
14454
27373
26
10764
25142
98
22485
27082
8303
22180
1675
7286
21062
20686
8505
2085
22091
198
10622
16907
24246
14960
9216
31561
23280
26401
28172
4103
6742
11607
5756
3267
3129
16551
15838
7656
16681
28150
16850
7587
4467
14316
14260
13298
3304
6054
31355
15614
6112
13739
20449
27050
22911
12066
26821
20076
24375
15170
16589
21596
6542
17673
8527
16522
5666
19761
19314
17813
6890
10336
3472
21369
1726
28063
18399
6569
6938
10509
9297
28510
4895
9940
1464
5678
11226
27229
29230
2784
457
9664
31924
22655
26523
17791
29209
8621
6712
25715
19742
21562
30209
15366
13783
15093
4441
25763
4180
25026
24676
31339
24193
32749
17934
31274
31051
23742
13904
27273
25860
25166
19887
9605
17673
21144
517
22047
12962
21203
20611
32341
31529
16640
3319
6482
2415
1983
13899
11746
32347
25702
29774
25896
15572
21332
8888
31123
27873
5763
3432
4622
14863
2653
16879
23927
20756
15569
6738
595
24753
31397
25868
14016
8669
18190
20051
5290
11039
29054
28316
32322
4924
15805
8801
9900
10002
21051
3874
4856
14020
24741
31146
10068
15895
15542
20883
5248
27676
21840
5644
14722
19984
17355
30682
19866
8576
25997
23709
26232
4528
13274
10069
11949
25662
19950
27172
24672
22787
26953
25942
22594
16698
7243
30622
21700
4580
14080
25506
13703
30059
7741
3770
20243
8325
23788
7413
9933
28251
24484
3678
11043
2027
3709
16765
15370
6826
14626
32544
6058
25198
2343
29531
32599
2700
28317
14285
10436
10813
15076
21285
20339
24647
24001
20965
31344
20953
30896
23654
19007
4278
15484
28188
25363
11413
17676
4636
18241
29640
26496
18651
13811
10013
9853
31545
25121
9474
16580
7870
5565
20460
3594
28451
5422
13305
7684
24852
22272
12244
19905
12852
25562
9433
18236
14946
29360
29305
7986
25147
5433
16608
1329
25311
2212
24278
14834
13048
32391
14051
16360
17657
29208
8119
31257
31396
23967
3016
11565
29135
25643
23613
5828
3687
17284
23307
3853
26037
8802
8286
26773
28384
3804
26426
604
7348
16675
5474
16430
17569
30320
31353
23856
30471
30779
2663
19642
11441
9134
5886
7524
28063
1369
19678
4708
21768
23847
30613
26391
5791
7825
20747
28893
26902
16657
24606
4906
31200
29914
10889
14810
20028
4038
15882
19909
13679
18064
21700
22420
12368
1603
6370
17619
29194
498
19325
839
24094
18602
21183
26241
10151
30629
29513
2995
30178
23744
14547
12227
12781
7471
21010
11166
25039
13424
25567
2767
13497
24445
6037
28752
9356
18502
26811
15775
20634
1374
30179
12309
30129
16885
22737
26740
10070
8710
18912
4287
11854
14033
4770
5198
12387
6028
5063
7713
1380
29270
25152
20853
23918
10604
16292
28821
7274
20639
29138
26099
3799
7942
15832
25463
23498
10480
2579
3095
22578
30236
27544
23464
8033
18477
8915
16627
5320
9560
19310
7692
13058
31584
17268
8927
19477
28356
3511
13836
7924
10807
13167
24565
26184
16976
26915
27668
17519
387
31437
13459
12485
12368
17209
19478
18979
11706
12974
31196
12966
27643
10448
15366
22706
9590
9669
17462
20790
24045
5783
8796
10033
1012
16601
4557
17525
18085
4494
7318
22443
29590
21318
2319
23447
28936
3978
17843
9117
10337
8058
18222
4484
29917
12213
3256
22651
27264
15225
16034
29017
2383
17164
6958
9257
12479
16730
9636
19174
26478
9439
19362
12675
19217
20423
29876
14126
15533
25428
12324
5334
7435
23169
29972
27883
11622
14309
10441
2149
26726
19161
24394
25863
26450
20445
2602
30949
10113
28728
2466
20260
17425
25823
21475
25089
30684
16536
9897
22036
31656
9567
30484
31446
5278
26889
5044
13410
26366
27943
11490
12920
24848
11821
14167
6343
21086
19924
23799
31852
800
7356
28654
23222
24568
26454
5118
27948
3551
2561
4631
32465
31327
4211
2601
9894
15364
25691
30518
2929
22285
20292
14763
5309
14950
21437
7152
11554
2267
8631
1342
31174
646
10798
20145
11044
8841
5644
28318
19212
17667
9290
28198
11243
26940
13144
23819
23885
25635
31167
14275
18848
5883
12805
29643
24891
32337
15824
9790
30367
11569
1103
30886
12284
2201
4054
24594
12791
22318
11976
19049
26538
31022
7098
13821
3052
23718
28885
26467
22483
485
27260
12675
31352
9264
15663
1003
15866
23223
688
13161
32198
17864
612
12504
21013
7235
22779
8762
5302
11598
17236
4615
8973
10825
4250
10437
348
19717
32692
9433
17217
11824
3036
1181
23936
24596
27789
5810
17667
8578
19619
25752
32543
15624
31934
11131
1817
26730
9447
22352
11497
14416
14710
13345
20797
31805
14130
18853
8897
5824
27323
5396
16542
9710
18213
5433
26176
4111
4070
23753
1117
18584
23026
7923
27443
24922
10276
27192
27153
15352
9952
1405
2072
28574
19191
9055
14915
14064
22474
24518
15013
31297
4275
15293
25842
18950
6560
2945
15425
23946
19201
2775
32272
27107
31973
2979
26249
25892
3423
29367
2564
2516
9775
30441
26572
11935
1438
22120
6694
17996
20138
30288
18319
7151
9315
8315
14662
8032
5269
21403
15114
21995
5543
22917
10277
17225
7107
6096
18857
24271
2360
20127
27130
26854
32284
14779
16780
13499
19253
18405
8430
14904
3098
23658
31752
1074
11413
20215
15009
20196
23884
7599
29220
27292
15264
1403
27811
14004
12502
29857
8476
18628
19572
2969
251
5142
7662
8220
16097
9562
20866
30333
29348
18075
5217
9532
16023
8050
1039
22233
23051
9594
11532
24038
9493
28931
23732
20320
10642
18955
19044
5951
11625
362
23518
15180
14864
27212
2287
16435
15698
2020
8783
25817
10063
17247
32712
10223
10692
15895
22938
19400
31884
5130
20767
19559
19303
8842
27819
31709
12539
10038
2742
14546
25368
19240
4157
29537
29760
28272
22117
29737
20071
18369
7010
6560
19191
11371
31383
32683
3095
5257
12286
17772
31533
12156
10955
25947
4257
7320
13132
21401
18661
7196
10260
22145
27314
19560
5720
19839
660
18282
12697
23077
14248
13402
28291
8059
23972
8615
17686
2967
26649
15153
24067
24430
8949
12472
12121
26858
21580
24724
19552
9021
11096
6823
27845
12660
8382
3985
28408
26447
11282
16418
22995
21584
29342
277
8572
1298
21343
26363
13196
28380
29777
11893
3697
14710
13549
29862
26641
23355
10735
21480
10159
15216
1628
14526
14099
20180
5572
779
28389
25208
11204
18305
8795
2257
11472
17755
3604
23820
5167
25679
11843
4257
6983
20158
16399
30507
26139
31791
29242
1143
22802
16379
2305
28891
31738
12361
31044
30665
3660
31037
16103
25763
12466
28781
29304
25041
18374
31893
25106
15890
31773
9611
12673
7183
31620
24693
17830
16438
24457
27705
32541
28869
23870
21045
2078
7205
8761
24369
14753
14714
735
10385
23494
6008
24035
29135
17779
3448
22793
1577
7999
17099
23344
23191
19855
78
26511
3072
17918
16446
15935
3501
21507
28750
26105
7166
4302
6647
802
18268
4722
25872
8196
11118
5705
10398
19039
9872
10900
32237
10784
9601
7011
2528
30064
22363
9909
28805
26096
24009
15327
9964
4931
19828
18994
5946
22222
4798
25304
19193
7355
3763
12799
4018
17988
60
4922
18878
302
3478
17699
26969
14483
515
70
13816
741
5056
30010
25565
12592
17974
30225
10216
25503
15476
20211
15792
18242
4061
4613
5074
24846
32542
23183
4745
2598
2404
19295
12415
345
18891
19560
18915
13803
10009
19375
28092
12184
11180
1384
5501
14294
6577
5979
31449
10331
3991
25485
32728
735
20675
1565
23851
13859
1670
25196
2749
13362
3404
2944
5770
15846
8726
2987
23988
1967
1066
20327
23507
7056
24328
14213
1165
7274
4257
5767
23400
20093
8132
7498
15835
2348
30425
31464
5035
30208
14033
13276
22901
16624
13917
29799
14726
7648
350
25139
9971
18279
27805
12599
12007
23253
4541
32730
29751
13685
18286
15963
2364
14095
27107
9584
7137
3505
1925
45
10235
28335
17897
19752
9177
24809
4863
31451
23324
31820
30349
17225
27593
17052
6108
27365
6557
30064
19378
26287
27553
3454
15999
11680
18430
14104
3803
14664
529
30711
27696
31158
3778
25144
3508
16536
21266
30884
5531
26531
16628
10292
13450
13877
13918
31444
8526
19001
21151
26472
14542
2124
13811
25357
23102
22301
24405
6049
21398
10778
7316
25477
29251
8009
16553
1697
3100
13427
5192
8361
5271
22408
13493
25759
4669
22079
21721
9626
2139
28925
5269
8389
10491
5368
25174
10410
25362
412
6890
5553
8443
23854
23442
8163
19236
31919
14936
1524
25352
25347
22690
9601
19037
15186
1032
26774
2702
21167
22883
11379
12395
21751
7718
1424
4128
20732
17394
1246
1379
18403
19044
25168
1010
19403
29490
12442
3133
29104
31862
32313
22623
6798
21833
1971
21843
22473
148
24352
15461
28364
6691
11497
24806
16368
12795
28112
1572
5280
29166
21040
20890
6332
16748
8838
11619
826
23452
19761
12021
12819
2987
374
22027
15709
869
31687
14307
17844
2
26437
27306
479
12610
30851
17717
20401
5820
9613
18161
19500
18290
7977
15389
14061
22442
28508
29238
9412
20729
24880
4275
17826
28833
5557
27123
16824
8221
27206
22644
29149
23545
5133
31813
30512
31975
5322
27838
30207
5904
27855
12910
30696
25512
11855
7509
14654
26821
21977
19283
26031
21361
3104
29409
2083
14333
13565
17919
12774
11417
28599
365
7434
29218
27777
31774
19975
7995
15172
19178
30885
415
30623
19587
11292
10678
30253
12714
2681
21606
22278
21923
3907
10027
8584
31462
10591
29290
19799
16407
11313
28162
23714
24888
23556
9253
27560
6430
6572
32358
22907
14113
29033
10514
28164
15640
4367
16580
8520
6533
26980
32308
26601
21004
32458
21584
10480
12842
11550
13454
16585
21027
25311
28032
13711
2620
6035
22441
139
9771
358
17551
4343
27852
19989
25617
27655
20501
25354
5115
3626
22860
26825
19928
29069
9591
9610
9991
24032
1557
27431
5905
25950
6667
7225
30778
13063
29409
3198
30294
3632
6702
16511
24542
14142
2897
20591
3395
431
30050
29269
21122
20314
22889
28526
12025
20727
22733
2252
12153
12257
18447
3908
13980
1307
22967
12935
8025
16785
30095
19343
28117
27553
4112
9789
636
21978
5658
3648
849
13060
16616
9016
28546
11104
26178
14363
4416
22321
6388
16856
16845
17018
11648
6459
13271
24074
30480
5137
14340
438
20654
14732
12238
25574
18103
5609
8849
10835
29837
29007
10466
30734
27277
28155
8739
7365
12353
20890
26708
18754
14038
32246
30252
27956
20432
23765
13161
8754
31740
17182
23396
18429
9894
3902
12776
13829
8461
1738
31300
9775
29204
14182
25759
15574
20026
24293
25996
21008
19404
7858
11231
24626
10074
32366
10430
15254
11367
474
24059
30619
5732
22008
26273
7406
32224
22893
28108
5384
9721
1066
1982
28408
15894
29259
8496
24931
27608
5695
30950
11721
12621
22058
22406
18697
871
6279
31146
27944
9389
1042
24628
30798
6193
30437
31458
15633
16578
30945
24866
10230
98
11599
3367
24117
27643
1991
19772
14781
26445
18513
24408
18040
15659
715
27379
9424
2023
13707
19737
30066
32267
13125
27325
12882
30537
25646
32079
6383
15797
8801
3473
2520
32562
13698
4262
367
29482
12706
23403
3565
2179
15715
24587
26278
12238
861
27086
2191
5569
21184
19250
31741
25063
13114
12861
10159
19862
28699
5905
21775
10018
24247
30913
18869
5456
25611
23651
6701
12045
32164
16999
6650
15200
20925
1575
3290
11678
2728
23486
32076
12765
367
24606
23632
23978
31674
28509
20078
22783
243
13648
18937
4975
2729
11355
27285
22948
5170
32391
7671
24331
19861
31957
3564
4046
30119
8403
27549
16131
8051
19564
17
1315
26335
15364
9715
25277
22669
24261
4246
31595
4352
2355
1078
32006
22272
13831
25473
1814
13631
18746
13909
9868
22332
2400
3532
14772
11624
17207
26998
20581
7304
19328
485
23675
15450
21261
7279
18054
27003
16668
19503
15044
11912
2019
17485
16973
18563
10092
8063
31886
19065
21155
16592
3320
9314
27310
12705
4345
4425
17532
8429
12844
12461
27809
26577
10445
20262
23905
14155
17007
8780
23306
21314
16625
31700
27272
32454
9646
14332
5683
32154
15604
27434
29931
20207
32184
4815
10087
1395
4487
19858
16330
24714
6336
24235
18295
2779
32513
140
22311
8719
29663
19143
30009
27605
23514
12076
11849
23594
19855
21041
7171
20695
28464
17048
20025
9787
18482
21579
18996
2378
23365
8843
5192
10966
7305
32073
30635
14350
6143
17876
136
15428
23614
32437
23630
20467
32103
4823
5198
14592
17498
6124
22149
24640
24106
4107
16566
16443
8143
28318
25021
12591
12827
25723
25887
13912
14832
14161
7397
12399
20655
10310
23979
6513
24819
11742
24820
11681
15232
1311
8640
9680
30838
24051
26465
26332
30923
9933
29322
19063
7159
15247
169
25897
32241
31660
6518
28056
20827
2953
23244
10504
10745
17706
14009
286
19304
7178
22481
9961
20493
30794
8135
26403
15435
19726
29758
5043
20985
28197
19932
9847
14355
26856
15776
321
19119
25700
23670
28447
10035
19643
22793
19168
18630
19911
6105
28371
18692
24833
6541
20946
6390
29345
7050
30079
17985
25095
9924
2510
8349
24922
212
27076
21385
30831
13132
21886
18494
12012
7495
3444
25569
8621
17220
13055
30204
1894
20788
4633
27439
26762
721
14436
6179
3692
26162
32111
12480
28069
11420
24628
16288
4021
32156
24037
12739
16365
82
9704
19076
32652
3856
20256
5067
1320
18724
29294
7813
19279
30449
20087
10065
29295
29765
22696
29564
31219
5350
24440
31280
5295
14190
8685
11752
7294
31321
98
31271
26921
18269
10887
18794
3723
10490
28329
10075
17907
7761
3636
21319
1738
24889
15222
22226
4726
21136
9381
29930
30589
207
12324
1273
20462
31969
19970
3679
16125
28982
708
14367
29165
12051
3940
24792
10291
9772
23193
29432
1752
31348
32601
18732
15135
11316
9372
14107
12392
1626
612
2643
23892
18196
14330
6019
27690
13982
22394
10220
17017
8281
19089
23314
11263
25116
29830
20663
11466
1486
13687
12041
16029
6453
13030
22811
32149
14345
2420
27026
2060
31821
19435
17825
5566
18655
29570
23607
2602
8781
9565
25974
1596
2538
29012
13928
15656
3873
28149
31981
4249
2826
21964
30712
14347
14907
2530
32763
30581
10465
7555
29600
10540
9487
20292
23738
7940
11093
4933
24955
7864
405
4788
21991
32140
29714
17554
392
7984
26826
954
28004
23528
15622
17951
20012
4586
8495
22869
24246
26119
26339
18515
16045
30606
30024
20087
10632
2926
22432
31690
6584
29338
6686
28294
11302
12210
26872
17877
22492
8159
9662
12764
19970
11007
26346
17656
5645
16130
5560
27207
14899
6803
7736
9579
6178
11003
26017
32650
10737
323
31464
17817
23383
8857
13713
31707
16155
14326
14022
10916
14539
24829
166
26723
28337
11813
6111
17631
6147
1562
25471
31169
31578
31329
16135
1107
12645
20283
29377
3207
32735
15053
1620
15675
24766
8061
8598
29115
2478
17823
28577
23688
1981
22609
14377
2904
17240
10659
8973
27741
118
508
23083
14538
12051
32441
32121
26772
8160
17430
7506
4981
28985
1618
12045
25399
18519
11790
12244
31535
10951
7159
27059
30984
3098
20388
3824
29378
25567
30145
8091
5625
24526
8558
19813
19563
1606
13538
20918
2485
23802
15700
27129
9821
26599
17947
28219
27669
5257
26388
13812
14142
25934
4676
16164
20908
29003
25790
19362
27305
3117
32455
26801
20540
10867
10041
5333
19883
21979
15909
30693
21310
17946
17084
24928
19270
29136
28784
260
16478
11195
14166
3485
14577
8235
5071
19996
27644
18102
2407
14568
13077
7212
17661
7545
23981
14542
10789
3106
18834
5818
20426
28718
25783
7338
12312
4143
31800
16606
3992
26771
31897
22615
24477
5240
1871
26182
8160
14530
385
32708
871
9578
15
6083
23723
8472
13524
18245
5369
4853
16680
26060
13081
32442
4521
1553
13614
1806
10044
11000
16861
27150
29006
18628
29873
11309
7520
26247
18878
25918
32706
29661
27781
25551
31134
9946
28184
6841
57
30273
9855
3317
10614
1015
17753
11185
24988
2999
21958
23203
11864
10758
14725
3742
8966
3946
24410
14947
27180
29655
14515
32185
2119
24170
12938
19136
15307
5466
13709
30082
7781
18987
29053
25035
27523
22052
30676
17211
4118
6916
27050
9113
26518
23537
15577
9066
19015
8881
23648
10434
20668
1308
10245
28763
28825
24273
5951
13540
22173
21289
850
24731
8671
11113
23740
32030
25687
25916
20432
21886
3233
1376
7329
32406
7422
671
9761
14747
21404
23809
31882
25844
10263
13632
26365
28491
16959
30844
12393
228
19996
29744
15279
20269
20783
26213
8964
20119
25851
24101
26262
13989
31428
51
28274
3138
3223
1017
25509
9816
24458
31938
9377
24734
15173
17193
22755
28850
15041
4817
26579
4455
6736
12375
22252
30816
9950
11141
21276
18910
12918
4553
26990
32470
12808
9445
13030
28999
26729
27111
30636
714
17051
9308
3438
4459
18767
4545
29951
11959
19368
31034
31556
19734
10050
25479
24912
22363
20851
3891
20430
26266
1488
29966
6559
2617
15859
28894
4549
22090
22140
25170
30848
11288
1366
23095
17334
28928
1340
10222
18072
10115
6779
23326
31875
7833
21753
3494
31524
11079
13174
2518
20448
8307
3090
8414
19571
30968
24079
17798
1751
26614
28889
16160
4199
17259
25667
2235
10308
32008
5652
12442
27896
7485
194
19429
20825
29847
30589
21149
22704
30539
25455
30677
24091
30483
26179
21024
27440
12088
1508
26694
25059
22256
17799
30267
32170
11755
20459
32337
28639
14121
5855
31404
7013
5646
3078
17142
13198
16824
22231
31317
16956
656
11239
6554
22855
28191
10603
27068
29471
21796
23800
644
18099
22499
22158
8585
4753
5311
27861
27999
9038
9483
5798
30988
6440
23582
32205
7099
12522
31909
12046
28853
5136
22590
2918
5004
29740
3394
24210
27801
30088
22241
16086
8617
11533
9077
6647
32500
13667
25872
5001
27727
8026
20567
6257
17058
16777
32148
19362
5531
11061
8198
12330
17828
15988
18300
13426
28179
13713
24610
705
929
6067
25754
15107
14110
24762
30286
31177
28771
24682
20485
20624
30087
5323
18101
4934
4694
975
19608
7946
21502
22582
10882
32308
11532
17839
25458
3477
5527
30784
30311
1792
31675
4839
29301
5384
6218
386
4375
21516
31677
8684
19143
25713
26481
2153
6604
29231
18192
25412
24404
21903
24140
16822
7874
12595
32468
16906
841
12630
23168
27391
25530
20565
17871
13422
14490
17518
32404
812
14456
31432
19180
7218
3709
17332
1139
21243
24389
5171
25528
30510
4077
184
8174
17789
878
21807
14052
24525
16937
28221
28983
4247
16323
14282
30406
23950
13106
29885
1894
11650
13592
13318
11223
1412
6224
5858
29431
8523
12487
19546
3894
27350
31886
26125
26698
5459
25389
27184
29988
24384
32569
18131
29218
16336
9769
2662
18310
912
8805
1403
13351
7242
21408
14798
4198
10281
10600
14978
15716
29727
11259
25005
5234
32132
1885
32535
27337
14080
19623
25663
32124
5290
23970
29087
22954
9073
13972
2353
5368
12220
2650
2610
27198
16205
25783
14886
3713
25195
18156
16156
21026
8256
29321
3891
25172
640
22146
31069
16083
1099
21125
11107
14292
26709
17547
22826
2103
14916
5294
26932
24580
32601
13114
19049
29461
23123
15622
22296
24592
9872
14853
26937
921
20086
10776
1013
3013
24849
21542
13928
24529
11005
2927
7077
12308
22151
24349
7162
16946
22287
26652
21366
19859
9137
10540
16809
31763
1316
13621
9899
25339
31457
4058
12640
2097
31624
31824
25337
18347
5248
11889
19390
11561
11486
4620
1291
5668
28553
7296
3225
12289
8347
23689
25855
9867
25098
15449
8057
5792
11143
10731
13031
6442
31142
6548
17433
31314
30784
5851
17225
28912
11286
22410
745
27205
24502
1285
11168
15852
22435
12251
12687
24078
4528
8603
11992
22486
5037
233
18273
14372
3397
31696
31189
10374
20775
27738
492
22628
26980
11102
12269
1658
19224
1434
22897
16011
27981
1793
18281
8020
18204
4182
17762
15552
30997
27386
13832
29274
9698
20227
20713
14855
15910
3981
28028
23285
17323
24917
32610
1231
18365
28548
10219
11059
10449
13000
220
13669
21355
16041
1136
22085
2622
31003
13980
8318
31124
28751
29591
11009
6640
17103
1946
22962
9714
19914
29669
7776
10108
5548
1282
17915
24595
7410
7757
9729
4232
7485
24244
15930
25559
22181
700
8869
335
26959
10180
16818
2547
27970
21646
23217
1313
15478
27387
14475
113
9006
26390
1200
26336
27272
3924
18000
21294
29011
31259
25038
24964
18208
3200
11378
17498
32156
22101
26718
8344
9245
28515
15555
29947
8570
14836
32340
4283
24608
11925
23547
23915
98
5401
17355
32
1297
20193
5175
5589
11853
5723
28033
3854
30362
22473
14197
28348
26167
1860
12118
28769
12459
6144
4633
22900
20640
30929
14033
31239
5620
14830
11627
8359
23054
16374
13723
1412
20078
10288
8726
28882
6536
16919
31746
8302
13779
16918
31402
12485
18205
4496
9079
3314
23073
24611
9756
10790
16987
23086
18704
4685
2587
10384
31297
494
10457
7603
22535
7507
29640
13258
18006
235
31917
16470
25657
12524
21234
239
30075
11324
23286
25921
5287
9874
12200
14933
16692
11737
16980
6930
7673
16085
11453
18947
29671
3336
26987
22618
19702
471
26182
15925
15200
14057
9572
18465
8462
28624
24608
32220
2895
22251
24684
26208
30416
394
1128
19740
4041
32596
8243
27781
17012
30950
12800
8653
12227
8637
7277
3570
23122
342
23313
18427
8091
22419
25940
1151
20841
8289
13188
22118
911
31384
6693
27891
25049
30243
28552
29443
8771
3424
12191
29583
26473
19913
4623
26488
10047
29653
18055
20612
27138
32281
19280
1443
30062
31667
4646
5240
14386
6632
26439
23572
2465
13580
20169
17669
4522
28834
19504
14991
27914
6853
18496
18745
25024
24263
2320
1676
14273
2839
28768
9751
2542
28264
29740
24502
9027
4111
1410
2836
15441
18349
22928
5231
11502
30735
18689
11931
26155
29010
14730
26186
18566
15947
17855
31370
10849
24870
5932
7823
8883
17228
9889
2227
27646
23691
22221
29371
29569
21873
7438
28508
26798
10488
11400
14590
24798
2409
22389
23999
25412
3194
6843
27835
28959
25273
1988
2187
24116
7726
138
779
3452
19516
31217
26208
26138
26313
14426
3898
5263
24735
14965
15447
27697
20753
18006
14153
31962
737
19660
31352
12509
27233
5870
30826
1854
18137
29174
26690
15906
29481
19795
15239
388
10671
32505
8487
29226
16235
8700
14780
6359
6753
17245
24845
6595
26431
20772
12504
15432
21056
32686
8399
6878
18256
6473
26592
3913
32113
27646
697
12049
20829
18862
908
27699
13165
20065
3855
11798
11449
24794
10952
30400
16257
8559
16519
26698
9932
15127
31540
16017
14670
19141
24778
4399
29583
20724
19876
29098
27978
24963
13560
14826
15891
1476
19105
7921
5437
1232
31265
23494
2299
1565
20198
2226
24773
16978
12748
29359
24318
13913
8164
1822
19923
3254
15988
10168
21350
12568
28734
31431
20780
16942
20485
2966
21139
21948
13390
20262
20201
17134
8292
24866
17017
26348
18078
3349
25335
6062
32740
30683
29470
14610
23664
32086
31127
10284
12754
5730
24349
28893
18999
23306
14303
423
6378
29948
15397
20927
6171
5690
13367
11620
13280
18451
23419
7280
26233
9810
32477
5933
27096
23221
23155
32105
8801
27808
31329
973
9966
14611
8955
2922
2582
9946
1066
6037
18607
27395
15377
22005
401
29077
27888
27866
23197
15999
27208
976
14078
23247
16704
14965
8879
8740
8263
391
5949
1126
25083
2625
32207
4020
16201
16360
4707
22174
27862
32673
3162
1685
10142
645
12343
17055
29916
11767
11940
5712
6441
15925
29878
5365
2791
32558
20849
30994
25568
1940
5263
22543
5675
10801
2685
15918
26704
4478
31143
18112
31915
14706
1269
1177
26646
15256
6037
20161
7106
8548
15868
17772
9830
12487
4135
9004
4252
26369
4391
11878
22663
5559
10204
24323
20666
22085
5377
3175
26197
18261
2664
14247
4721
18609
18311
17910
31423
10581
24372
16225
1387
31689
2733
26045
25671
1197
11739
14301
23333
30613
28888
13576
17796
30232
4782
29865
8048
1316
22882
26185
5539
27796
17201
19899
24816
13573
23833
20374
28898
14309
25243
8681
10656
30156
2752
13609
14611
10000
9818
26990
18251
14996
29580
9183
1567
14048
19084
22635
25620
12663
1960
23483
26241
20580
22151
4452
28400
2583
17074
19040
28614
5999
12626
26559
21543
19480
10300
5530
7956
18711
1578
12873
1494
15779
4171
13781
2464
10807
30975
11696
21616
23013
17371
8356
23862
1517
10996
28426
5944
22414
26970
828
12469
15388
3810
26189
9416
16211
16681
3319
9360
24555
3541
28884
7054
4716
12830
18897
21326
26180
31630
31713
31306
279
9732
3310
4619
25686
23295
14101
2193
12563
13849
27410
245
24084
29394
22265
3917
5158
10127
17704
27600
9395
12771
26489
24891
20119
14348
25276
31347
17712
25537
11876
13163
11700
14891
7296
12616
1736
13617
7661
17859
11854
504
5834
16847
31102
2218
22317
23420
4920
8567
3092
11036
5272
6874
15519
932
3020
29982
10108
10837
25890
30496
5282
12699
27237
86
28482
31541
19562
15376
15354
9622
27366
6654
16205
26763
20098
12275
26704
9503
2354
26856
21413
11452
28866
9540
31405
914
26546
12379
25338
8764
10307
12084
25091
31393
17874
27791
18716
17433
22629
9766
3493
21202
1668
16180
16769
32369
24906
31796
28618
23548
18107
11243
12738
20215
15960
25000
4109
13773
1009
9419
1054
13682
13499
14724
11760
26695
21154
26333
4598
29758
4576
24059
29524
19518
9423
9888
7759
8393
31227
13557
14082
17372
8316
3207
24659
1046
18051
5263
20262
17181
1586
374
7633
19262
29873
30616
29647
10323
10110
19273
21944
2026
9220
533
12656
25763
28016
31052
31391
218
9408
21951
27490
29830
28444
8388
15681
21089
5738
13952
28256
10314
6173
26981
26361
24295
5709
32505
4873
15502
24333
27097
17482
3942
32249
25854
28770
17097
3086
21568
8026
25581
12735
3608
7761
22980
3908
29354
19058
21536
32566
29699
2083
13851
26457
29599
14975
32694
3001
6446
20231
31424
6136
1687
12692
12026
21222
3390
15505
24952
12370
18563
31078
9034
13600
16779
17719
13148
24988
66
11727
14235
5646
11680
6871
4441
9615
11052
5964
20723
2842
17343
20272
3249
29926
22923
5503
7917
6643
13659
1636
3960
3555
23324
6573
11321
1804
1949
14717
5399
19147
15251
12608
16154
13339
30688
2276
13004
2150
3861
8263
2534
3739
12341
7915
28712
7296
3772
3057
11145
3658
19423
8773
28560
23659
1302
13590
2
17323
11224
14473
26301
13178
2725
17070
16612
30340
6986
6323
26428
18823
4705
7255
30166
21601
17431
11682
30447
14702
17970
21715
13588
12048
29522
18587
30858
22415
13174
9352
13292
19236
11715
25540
25622
2128
18305
29695
10050
15986
5223
29866
20337
9881
7192
30310
29709
24215
6381
20156
18124
31319
5109
21518
12247
16240
570
5581
29996
16121
18246
25837
28992
16800
16614
16534
7401
14838
16430
31517
28796
12557
5053
11058
24626
24901
1859
15707
30673
29539
31808
14753
22920
4579
14
4488
9242
18064
801
2629
1087
22097
5518
5932
30023
3910
19658
14440
29952
15635
14004
12782
11994
14204
32214
11956
25161
16179
8936
9245
2155
7405
28566
2488
31979
14011
1668
14635
11813
3992
13454
2666
6282
25918
26452
45
4422
24639
27894
6304
9249
2640
24860
5724
2211
32488
27450
21910
29308
2570
12818
406
16675
10590
10362
15979
21180
9095
5983
6878
32319
10673
2314
24228
30935
14185
31138
2264
10888
9394
28914
4776
13845
7765
26989
19022
14369
30840
10351
23106
404
3954
27590
20653
20800
10974
4209
15137
20677
5870
5799
10888
22705
26627
10012
13147
16364
7290
32127
15893
14932
4296
23623
15334
2724
31177
28079
5035
2970
22869
13823
23326
21593
8469
31502
12362
31756
30612
17669
18243
16588
21401
23653
19
5572
25013
26956
6391
23698
26648
6132
20684
19953
7336
26236
3524
21909
8533
32747
23645
25943
6822
18546
23188
914
5272
32497
25429
6349
10665
6077
3639
16538
8240
13473
22374
8637
29167
24098
992
4497
29163
25095
5605
1704
1148
31513
26024
7858
7584
9768
12875
15264
31124
18510
16138
31753
17318
2680
20663
4812
8005
3617
8038
16887
18266
24417
4201
31975
14299
18471
19583
30129
5532
26818
1608
6593
18537
14759
1276
16833
31571
23150
18269
6333
30535
21021
21226
32388
3045
9385
854
26961
31374
25018
28216
2730
6079
4271
12036
15241
5790
7650
12090
29626
13011
11565
16093
20612
11417
30125
4391
28299
19221
2757
29051
6901
22758
13926
17563
8140
20221
18574
10779
12195
8623
15
21014
13437
25608
28818
23327
1514
13667
2523
19578
19059
11575
9295
141
2104
14644
14003
5009
10456
8591
6454
10893
29841
10138
31154
9861
18601
29335
25903
6126
3340
16078
2729
1638
11574
733
6931
24738
6227
32592
27291
10408
3237
27761
14128
12350
12839
14945
14401
31138
18544
5992
23496
4219
27609
12426
21640
28432
13794
24667
23954
17336
15570
16404
22286
10897
13982
20197
8248
12149
17164
9101
21161
11306
8472
23593
17112
22233
21399
16457
27104
5314
31002
18761
7300
25901
23317
1247
13168
30884
30785
1520
2241
18527
3646
22440
28360
16896
26237
9929
1035
23425
27229
5443
2189
9066
17044
27654
6224
8519
1489
7956
28439
6745
15008
22490
6512
3724
12429
31168
14066
425
29836
21759
12740
25805
25752
31666
3935
13338
9883
27953
16020
7340
1678
2970
1744
16078
32737
4016
31903
24686
30237
28393
8047
9167
24776
26562
1175
5758
28297
10326
13207
11399
25484
17199
6049
31720
14120
26204
10841
19526
13503
2243
15322
20191
9190
441
31737
4800
15302
16080
10445
2360
26050
3056
1647
11916
4955
8618
1022
10988
11088
28104
12774
32678
21001
18985
28002
5274
4405
5580
25920
14830
8883
25642
23525
29187
25262
14025
19088
6055
11533
29966
18915
13452
10762
5715
25503
7160
20000
12857
12719
7615
4395
27455
28264
25967
8395
26516
23055
22986
4617
19498
6555
4217
22077
28172
29373
10750
30511
11761
2334
10731
24188
12817
232
8017
11323
29239
10887
12668
24801
18968
7089
25821
24162
1507
22947
11336
1177
7449
30894
6752
27882
3999
21747
18255
2342
6418
18539
16058
10670
11866
554
2547
11996
31106
25316
10865
27038
18374
688
6270
28516
7662
17420
6704
25917
26331
6177
1690
1596
28768
22601
18755
26913
10835
22735
14808
18741
23523
6390
7197
22134
17195
13372
23593
20724
21256
30943
23251
29563
808
18337
24168
29042
26212
8392
31647
3075
31568
618
2766
637
27408
31719
32093
25078
10861
6839
10107
30772
12584
5222
21009
28110
15245
20956
10484
19342
19020
16354
22879
28442
21637
2274
29856
13011
24610
7150
27409
19710
29801
9476
13130
10786
6865
23185
29077
18096
25109
17459
13219
19433
6024
24259
5245
29693
10920
16787
23740
31088
28405
10484
29437
5570
12292
2556
12432
21327
19407
4998
28272
13940
18255
16505
24184
499
4429
24398
1235
6809
26485
13004
26037
19998
4524
4118
15176
332
26531
7656
18410
2403
21676
6430
6293
13501
19917
17014
19358
18094
28179
22934
12195
27310
11561
18769
20159
25274
25641
26918
14847
29943
5298
30729
10522
23705
9787
13415
16988
16899
3495
13668
7908
32303
4889
26983
24335
11601
10761
24024
25396
21687
3992
13352
31890
8180
8992
26642
10886
31037
11536
19233
14338
275
2039
22899
19770
10531
24542
19388
18848
30314
31707
2701
31251
11932
17891
26327
32595
29895
1248
15275
30905
6451
32003
23875
18213
8334
27228
31046
31799
17989
2472
19528
18882
32309
9066
20624
1405
14723
19773
18975
5372
29384
21864
21486
21983
17778
3251
21110
22090
5223
25209
28533
29077
1003
1791
752
9540
19139
2052
3444
12857
7834
7065
10146
24104
16293
3379
2795
26956
26499
255
6039
3160
8039
373
31756
4785
16760
2864
24909
25818
10616
2813
16577
5935
22692
562
18230
20695
4316
17729
26917
7924
11012
2188
3127
2076
11434
12155
27145
29709
24809
4556
4140
15260
30861
11051
8561
29935
30071
26883
15459
20460
25924
2707
11028
5873
12073
18244
16413
10182
31009
12090
1248
30928
26699
31273
7440
32391
16525
14442
884
1322
10110
6734
999
21169
3715
16818
5796
9475
2104
20947
192
24681
3345
12644
24056
578
29505
13022
30637
11257
7642
5912
3373
23093
10038
7703
28980
7247
2711
6695
8371
24585
4362
14634
14031
9597
1425
30769
25133
12115
29824
30025
16237
823
31272
5016
15604
20106
25779
9640
27631
856
11599
4610
25236
16779
3215
9727
5035
24670
11789
2779
16206
11284
18261
4363
24813
11241
5630
17872
16021
1097
2330
1805
32113
18752
6609
2390
24465
21810
5960
1097
3818
30668
27080
31009
6558
4410
4380
18312
894
28058
25146
1197
4301
29873
18470
18583
11847
477
3092
26041
6754
30795
26829
16070
13268
26474
27987
11974
4437
21408
29384
14186
18086
30523
10636
27036
31442
4010
422
15451
13236
2797
29285
17862
31417
10570
25926
2678
16104
26434
18457
22289
6175
17347
2656
22556
20383
13983
2552
25617
20938
27453
13051
11186
27948
5007
22244
17564
697
26435
32500
16927
2901
9022
15829
20557
5786
7494
17534
1361
9941
16382
15958
23811
3665
792
14492
4793
12761
13254
6406
19807
21624
8561
26536
20938
20611
686
28696
12105
25049
9838
32208
6781
25962
17780
14291
27243
12790
2061
24468
27600
28183
5115
30483
32436
1922
14002
4681
12866
12170
32711
22470
21207
230
24485
29849
7769
12979
7810
1904
4810
31933
16273
18176
2845
4346
9337
26535
7752
20055
1287
1104
29850
4279
3871
3736
1871
16953
17145
2607
32354
4538
24458
6016
8354
29340
29503
4500
2568
18885
25841
17203
7240
27626
2326
30541
23974
20749
5940
26777
14859
8516
5020
21628
23128
32445
340
13612
1530
12543
28757
26389
17087
5490
15350
15740
9959
31010
3497
19042
4479
16320
30693
23979
15594
31722
15715
32639
24513
23723
6285
27121
20445
5190
5940
17886
23473
7215
24193
12056
19933
31323
27438
17348
20225
27577
8693
17153
6607
6145
17481
32459
13669
12972
7493
9502
10713
11587
31458
9310
25365
24285
18284
12022
13797
17636
22327
8768
15182
16663
16014
21669
30242
30933
17388
3845
30417
14744
17007
13656
29058
1728
4233
25238
31330
13458
16121
31701
23612
13440
17401
32433
15691
30378
26297
3825
1612
1190
32525
1896
16342
14716
23906
4632
23022
15093
28407
2974
4567
6166
29258
13770
27175
12519
20432
32141
26912
19321
27368
22552
4412
31270
32530
31554
18442
14107
23900
29994
7993
22804
7710
26398
13298
17767
6887
26556
6252
836
17591
20567
31674
5179
10863
31133
999
13822
17285
11126
3652
29033
21244
17455
18945
6847
30356
23255
24827
10039
13886
24809
8917
31671
10194
1836
26186
6367
31492
27096
5313
18505
405
18426
5154
12047
1990
18969
745
27022
4370
7194
31353
5226
19740
24161
19378
26323
22759
12857
27077
16902
8261
25974
30535
23062
29586
345
10629
23532
9633
16563
30232
13452
17911
12621
16057
23963
19255
1160
28502
21278
16862
21313
16997
5765
21296
22775
8056
25320
14451
27184
18449
30352
28250
10776
18104
5561
15556
17260
21580
10902
26279
10390
10135
9878
5702
7962
25380
2278
22955
6704
5461
11831
17233
10418
32432
19905
801
31289
4730
18312
2975
16260
25991
10206
5990
27161
32592
1065
8914
3886
16710
5350
11772
29129
22630
12526
23275
30759
27918
3576
15368
4187
1295
27232
26323
18487
19459
1063
7893
7279
13793
314
11477
17148
12238
11511
13903
29887
21302
12013
10530
31335
20252
7907
3977
148
31662
6684
24652
30524
19485
15834
7992
79
4779
11041
25036
12694
19206
30653
3125
11745
24276
12423
23165
22881
6287
20707
2559
11603
14483
21389
14110
28382
24693
16534
17206
19775
18583
23721
22227
11043
29689
23955
21537
5972
22098
18434
19876
14488
8288
23181
21801
12503
9852
10741
14077
15227
5489
21163
30044
2844
27022
25490
6188
10845
23546
26117
9452
25617
14920
10012
21223
30371
23627
9771
20397
5812
11308
19596
10179
1285
29881
21151
10138
15256
27136
30222
18622
30226
8221
25942
32592
6500
25680
1155
31670
16042
11347
28474
13457
25939
4074
23549
19695
4227
187
17579
10947
21429
13408
30790
20882
4773
29883
31225
21870
30829
19081
20826
31272
27118
13882
12268
21186
30577
27393
4072
29987
4494
16423
12349
5646
1358
19620
4565
8533
908
24816
23066
8778
14241
21271
16057
4215
12608
20748
24229
21647
9630
11583
11360
6564
19414
22897
19830
16025
22669
967
4938
31707
23761
2590
28948
4428
3143
14239
4907
4224
11910
147
31616
5932
16318
12408
18283
3547
1181
15956
683
16099
5491
15177
11176
22936
9364
3946
19706
13759
1022
30925
20527
27462
11835
225
28105
4658
22153
23554
24199
16088
17465
26443
12774
3664
32085
14508
28134
22311
1157
30012
23569
21076
11827
25040
10170
20589
20718
25036
12675
20251
21772
22585
15394
716
26516
7960
22116
10407
21595
2294
9841
13509
19308
8385
31315
12446
5549
7130
16818
24001
31936
12907
21729
28873
27176
20987
11551
30860
429
24128
29206
17813
15105
29748
168
26069
16035
25451
20203
2197
2564
20899
20850
24239
7913
15517
17871
19198
16912
20011
1621
30483
3350
13963
19235
8233
22424
243
31838
12379
15257
5741
31165
30741
14627
25317
31563
7113
15665
20608
28520
2531
4045
3376
31249
3326
28022
20102
31074
20056
20420
1991
13145
23683
10575
17985
4317
2654
6348
10207
2559
14916
22393
8188
10111
27011
26300
32373
15762
4112
16646
27906
17378
10361
4606
22214
28375
29722
14812
28196
28181
20372
8210
17621
29766
11131
6450
10807
27673
32079
25612
17384
32394
15534
534
5268
20069
16583
28434
25867
3333
4626
31722
17303
19554
1087
20703
3468
12875
11372
23266
14112
28911
1946
10306
17789
10402
25954
30856
12053
5854
27364
928
5686
13960
16897
15417
4574
13685
18634
4461
30928
25389
21815
29605
25319
31983
24861
8375
21675
31477
12890
31570
18722
17144
21330
29084
3561
25591
28576
14105
9602
16181
26885
21967
9200
17025
14500
23208
14721
6073
28786
8471
24556
28049
28904
510
23963
15761
9979
27088
4938
13149
26189
6643
18385
6457
13221
6504
26174
28108
5021
6317
25127
1828
12698
19682
13887
26363
29441
1580
12582
9273
19112
1367
1158
3514
24715
21695
19035
27216
25025
10352
29842
31244
3246
2444
23254
7353
19833
20717
23207
16810
32448
13580
15788
1206
8843
28449
23114
7296
10111
15244
8821
32252
3669
14708
5318
22830
906
28078
17358
21301
16727
27872
26539
8585
19939
28902
11736
27265
27064
23924
15178
3864
17011
30717
5304
16880
15808
22228
24890
3991
28806
19346
15125
15370
5727
19639
725
6519
7499
8852
26781
15431
6565
23400
8124
12380
13910
19145
28800
5015
30024
6213
7247
14750
21534
8522
18419
15580
10530
12867
24630
8393
19582
23300
11439
26987
25008
25192
1243
19485
21816
7480
23408
23951
25235
11343
5101
24846
13933
26108
22134
7429
275
28328
21983
22724
3367
17593
15367
26497
11927
17334
12391
25756
7631
25259
11498
1320
4910
12751
5375
8870
14007
23396
17133
25363
14346
11231
32616
8742
8850
25929
5985
32723
16895
25061
1058
14355
10999
18963
22937
10215
15368
24948
28404
9114
10978
12111
30063
583
29123
1587
29034
668
12594
11998
18879
27869
23024
14942
24914
5676
13100
16246
28394
10503
4342
1859
1855
22290
20214
27935
3412
22551
25438
30150
32006
23115
7709
25016
17381
18387
26710
16094
7236
1414
6160
15727
7820
3829
11311
19477
31958
5032
1187
16204
7352
31147
27359
2059
862
26954
32396
15783
18397
17944
23167
32500
32709
14646
1513
28333
23029
12497
1486
20246
23476
30957
8889
223
29693
20833
13997
26956
22809
9507
5982
915
25716
18118
28833
8582
24745
22081
8994
8049
32223
13298
31573
3910
24664
9443
21679
7927
32071
3147
32021
15908
14818
24152
27797
18166
185
12331
9556
11851
16710
2341
20423
32531
3525
22881
26406
9465
19270
14721
2590
19015
10240
22446
17351
19715
19432
13786
24789
3934
30594
7496
9490
10064
1271
27471
29964
12668
32617
7003
18442
19289
17539
12852
30277
30867
25684
28291
14165
30639
13149
25234
25834
18927
17128
23379
21948
29301
13212
14500
25797
12458
5711
6865
30893
14817
20251
2394
8070
13880
11956
30455
4793
1215
13816
18138
14144
2781
14280
14132
28182
4847
19735
21754
18668
32305
20288
23785
30494
19938
19613
11720
32485
18339
11093
12269
5838
14625
28277
22018
13163
7923
20803
6921
7496
12998
11471
8606
8992
9399
23498
22652
15441
1024
4251
18499
12174
6871
20912
28281
4564
16787
4114
18894
12703
27921
3133
31652
16989
31830
32046
8910
23587
2421
11709
21400
9119
16819
1069
20744
11854
2282
10242
27492
30446
27691
14866
10228
30263
10151
21215
5641
13254
17360
15140
30015
25434
3515
4782
4350
25154
28361
22893
30023
10518
26502
3787
24749
1446
12753
23356
6049
12592
20030
30743
31987
5846
184
18852
5014
24142
107
24438
19876
3804
24289
20219
19617
24189
27242
7249
30468
357
4034
9563
1779
3500
32494
17173
30287
18245
5991
5412
27632
26671
24442
11186
3634
14575
2799
888
24240
3389
21737
2076
847
30974
12557
4286
8319
20850
6118
2766
10429
20143
29320
18208
17756
24910
26996
7490
15494
4196
6844
22797
30846
29620
31592
9850
5159
7714
26647
28599
4298
3179
10474
24954
6420
27668
27805
2454
30046
20128
32503
17356
5426
7430
15973
26851
21002
24418
5346
29690
20314
11499
30745
4638
7121
22565
13518
20504
30684
11096
2426
23176
25965
18752
21557
1080
25850
1542
22489
1706
968
19567
23653
12531
8041
25428
11935
30924
644
10066
17150
8679
16084
3266
32710
28543
26739
32235
29301
5171
5721
26999
29790
21524
19487
5412
660
3325
12553
2236
19721
6435
14404
9543
16631
16364
7788
15487
4735
10501
24658
15492
2449
1455
3835
17361
5643
25689
9452
12655
28453
25204
16548
1384
16908
12419
26731
9599
13261
7281
15178
23070
14965
5672
13147
6032
4470
25183
23875
26480
19789
28595
10492
1634
21090
506
14296
2561
13104
10196
19394
8984
14757
11906
15303
20500
8140
2044
4566
5049
15273
22333
13764
1045
8805
5858
18835
17842
1707
3571
6900
18192
22097
1793
19978
20562
23355
32113
9585
15160
25468
13591
2943
26445
13503
28679
16586
15970
20198
13991
21482
23866
16880
26121
18048
13447
6944
30840
887
13845
11611
15441
2697
25158
14547
27925
29957
18878
13794
25275
14288
22367
18232
19275
18090
30328
5945
8872
31923
26937
9377
23725
28206
25451
17002
30076
1924
15710
20207
23571
7564
21282
26193
27425
21257
25593
5146
25623
30581
1549
18464
8321
17149
607
4781
28055
5068
11520
27612
17935
4236
3459
2630
24118
21546
27570
3294
13887
1754
5248
31770
9947
2140
27455
26196
7178
3965
6931
7023
29232
25312
31911
19389
10603
3838
1054
3616
25380
15724
19277
4464
24036
4445
3111
32029
25449
11623
8056
17686
23802
18058
21463
29929
503
26734
12501
13867
21684
20204
31355
5658
24967
30928
2292
20097
29728
22493
18566
5596
14105
16914
30151
15037
29134
2092
27149
3694
22639
21868
3110
25304
8788
15514
14665
8099
23184
5706
14925
12959
7880
5214
6425
24419
16454
11980
27228
12852
31561
19874
24446
6696
14495
21575
13526
28298
3446
29187
20509
25473
28016
23489
8994
12781
17141
21268
9920
30354
25037
7801
525
3192
2030
22236
12757
26257
24722
11869
17479
11421
15757
5203
31981
8011
31454
23185
29922
1953
16516
16361
2879
13725
5779
1007
14806
21021
32646
26623
8739
2044
3287
16770
26239
18558
8653
364
9111
12014
22678
21769
7709
18309
15765
17402
30909
15758
21757
28539
1619
13512
7839
22247
3163
21004
3072
17789
2472
14127
7343
19812
21850
30250
5333
29677
10762
16248
526
29465
28999
20416
631
13403
25414
24756
521
26782
20181
8505
25125
24970
7569
30920
16239
4099
26713
6676
18912
19443
12290
10477
25367
18762
3660
30564
30448
24131
29461
7728
16984
32488
16845
29776
31840
4568
25386
10738
5520
584
7965
2708
381
13128
21252
10857
16029
14407
22561
766
4187
30426
11851
17181
8039
5561
16099
22002
29776
23818
19466
25964
84
27619
24593
23526
10359
26378
20785
10503
1746
1279
11645
19942
22062
6972
8980
29810
15313
4283
14491
5650
25496
22969
27115
30088
8774
24762
32006
28699
4636
205
9040
27125
23978
29969
15100
22986
11492
24952
17604
14266
26744
22731
25053
21369
18271
1006
28202
21933
23218
20070
2736
28823
3008
15384
11338
1014
16477
19539
669
14376
6525
3601
19279
21651
1
18810
25972
21827
29648
25258
14665
980
20778
22964
18469
6035
57
3047
30892
8416
17129
6736
29510
17367
5370
6527
8912
1583
21076
28302
11665
13409
6042
32096
31343
8717
4353
3111
5730
18842
11107
41
3626
3870
23439
22467
4157
10877
28644
1454
27396
31956
8222
4481
15174
21784
20335
8567
24293
26618
13522
20851
32712
32526
23964
31553
19224
9005
15955
21535
10415
17944
17860
892
1741
12125
9808
5887
3597
12415
18823
30667
20888
25681
8696
17666
20377
32163
20294
14215
22001
26912
18559
29449
7979
18039
170
26685
15282
31929
14751
11370
6977
28162
31004
27179
19100
3676
21524
20337
14718
25056
1098
7367
7378
9759
31775
14810
16677
10944
27816
29496
24924
7530
29188
17752
21922
19684
23021
22747
11941
10106
14476
5137
4354
30883
16274
26047
25853
10722
2948
11551
11894
2794
23382
25385
8473
25861
26172
26897
17620
23990
17341
8209
16014
27805
6665
11880
4374
26780
1676
5539
27225
28728
29891
32283
20697
12610
22351
23487
17754
21430
30536
20499
11486
3043
19923
28025
5844
6092
7159
16304
13197
11215
13484
15770
3823
4740
11573
2114
25453
1000
26544
6941
6455
30651
11244
20880
17837
30502
17018
26035
16154
12705
17927
19541
6303
22804
7913
4672
6765
2364
23799
7869
2615
15953
25502
32603
22504
7910
7217
8429
657
7440
8833
6610
18853
13002
8110
27001
32360
15768
18236
20771
2469
15723
10857
10731
31135
31429
21950
23556
11339
22557
27877
23363
27068
21125
14522
19677
735
30090
23460
14961
18536
18012
8230
30281
28172
27183
5553
5341
11761
3040
28605
8088
16483
17628
23320
25823
31688
3390
15741
2384
12502
30519
4968
15943
5891
14771
24617
16807
23869
20025
25655
2775
13020
9747
3528
18698
23765
15024
22430
5828
11056
32070
2596
1690
25276
27067
4793
27961
28417
16582
25932
3241
28790
11602
7209
1235
31476
22819
18962
11585
6251
13499
12946
15398
25556
30335
23694
24222
20582
5398
13085
9782
28941
16658
10394
28591
21528
8658
4087
9983
18225
22950
8275
3225
6035
5429
22223
24558
8823
10780
10910
4916
18895
2264
18268
27750
8503
1510
16801
14220
26409
15912
31189
28220
7792
6795
8518
30817
23519
14055
5495
27195
7234
12327
1468
25511
13973
7593
5891
29857
15988
14824
31221
11015
27347
32344
10046
11679
21743
13969
13864
2140
9092
20144
367
3549
30273
24826
3665
29239
9593
18115
27108
756
10779
12431
28844
8284
16868
2422
13421
23539
9171
10701
29758
24642
22750
7426
23263
1498
3299
32456
30540
14743
27617
13172
9106
6178
24424
32679
19938
25273
16462
17198
22500
12595
20644
23334
77
1342
4584
28516
2740
8940
19324
12052
6562
21102
21847
16543
28392
28447
31483
26835
1589
26564
2727
11582
15847
5137
25805
30170
546
880
8134
29168
11807
10495
5061
17462
6087
2263
25354
14906
31105
19092
21080
4868
11848
21778
1448
6391
29696
22388
29983
4857
10250
25451
11838
20692
12822
31925
13657
22235
4408
16867
6986
27856
16191
4704
7014
5125
24130
21935
21936
10434
25723
18420
31053
13031
14936
28598
29496
10706
32464
8419
30007
12163
26100
12564
26894
1790
26054
16659
9202
18929
9549
16283
28224
8599
25065
2398
13167
1756
16101
19020
28228
19906
13131
1043
9540
3
2556
24034
2927
19192
10239
8563
6443
1209
3354
2376
12671
3206
17055
17461
10113
2662
11401
21022
14354
21005
28871
7682
19400
27907
26840
31032
5420
4099
20888
23545
24358
32674
11610
3871
8117
10289
3126
9004
8931
27875
11941
22670
25081
29235
13899
23842
23279
26496
22803
758
31782
5114
19073
21587
30810
10946
20292
10491
5842
10829
12043
8367
21465
19210
30874
9972
25970
16708
19485
25623
30792
22089
8124
16239
14564
7372
12911
22242
32034
17544
8468
4010
8678
20774
20927
9305
28939
14433
10577
21531
9116
11112
16204
5948
21575
3971
997
31978
30222
27130
3163
5691
9024
17203
31112
4722
22696
17690
11446
28798
28932
6341
16051
27075
29881
18265
27944
31261
4548
8743
29222
10530
20468
30235
31234
30888
21846
3671
11107
7304
20209
18971
30105
24481
20916
18920
6448
23071
18349
30693
7877
23805
15740
28545
12313
14024
9222
2138
1892
13734
23150
2142
26860
2712
5185
16687
23253
29180
28656
7372
3899
17750
20868
23919
13438
23119
21901
5297
8157
21246
28763
5620
1607
17255
3441
26626
14189
20545
17207
31218
3868
11005
28399
8012
4298
3843
19690
5997
24943
9279
24828
9260
5014
27356
17197
29629
31155
5199
9393
25046
29367
28056
8475
21521
25826
16068
12237
13714
23256
17335
18867
21993
30456
8744
5937
12089
12521
237
14937
22426
4469
9337
2402
8637
24731
13475
19797
12495
31199
4009
22794
927
15077
20084
3155
15106
16446
24093
6007
8055
25730
21169
4834
10759
13727
22321
16154
5231
21616
24285
245
13441
29330
31666
28170
9928
25203
32306
32101
3179
28075
16995
12415
24659
26000
19994
18541
10128
8708
9337
23383
249
25234
29367
24108
22547
17850
31263
30356
16181
19080
23388
10534
13545
4204
9971
14300
22676
18757
22289
17603
21082
4543
5767
3319
29244
9183
30995
20431
19075
6108
2273
13909
18786
10033
19793
20217
5591
9712
12027
29062
13266
9817
23793
8020
13209
31403
5955
13248
28779
2362
713
30937
8803
9922
27164
29788
18336
27387
4070
227
10403
13165
30300
1881
31736
18566
16392
27825
27929
22762
3532
2007
2703
16138
32292
13287
24410
17656
12715
21150
15251
23162
30945
21262
28752
