                0.04        2.046926e-010
                 0.4       2.0469271e-009
                0.76       3.8891612e-009
                1.12       5.7313953e-009
                1.48       7.5736297e-009
                1.84       9.4158637e-009
                 2.2       1.1258098e-008
                2.56       1.3100331e-008
                2.92       1.4942566e-008
                3.28         1.67848e-008
                3.64       1.8627034e-008
                   4       2.0469268e-008
                4.36       2.2311502e-008
                4.72       2.4153736e-008
                5.08        2.599597e-008
                5.44       2.7838205e-008
                 5.8       2.9680439e-008
                6.16       3.1522673e-008
                6.52       3.3364907e-008
                6.88       3.5207141e-008
                7.24       3.7049375e-008
                 7.6        3.889161e-008
                7.96       4.0733844e-008
                8.32       4.2576078e-008
                8.68       4.4418312e-008
                9.04       4.6260546e-008
                 9.4       4.8102781e-008
                9.76       4.9945015e-008
               10.12       5.1787249e-008
               10.48       5.3629483e-008
               10.84       5.5471718e-008
                11.2       5.7313952e-008
               11.56       5.9156186e-008
               11.92        6.099842e-008
               12.28       6.2840654e-008
               12.64       6.4682888e-008
                  13       6.6525122e-008
               13.36       6.8367357e-008
               13.72       7.0209591e-008
               14.08       7.2051825e-008
               14.44       7.3894059e-008
                14.8       7.5736293e-008
               15.16       7.7578527e-008
               15.52       7.9420762e-008
               15.88       8.1262995e-008
               16.24        8.310523e-008
                16.6       8.4947464e-008
               16.96       8.6789698e-008
               17.32       8.8631932e-008
               17.68       9.0474167e-008
               18.04       9.2316401e-008
                18.4       9.4158635e-008
               18.76       9.6000869e-008
               19.12       9.7843103e-008
               19.48       9.9685337e-008
               19.84       1.0152757e-007
                20.2       1.0336981e-007
               20.56       1.0521204e-007
               20.92       1.0705427e-007
               21.28       1.0889651e-007
               21.64       1.1073874e-007
                  22       1.1258098e-007
               22.36       1.1442321e-007
               22.72       1.1626544e-007
               23.08       1.1810768e-007
               23.44       1.1994991e-007
                23.8       1.2179215e-007
               24.16       1.2363438e-007
               24.52       1.2547662e-007
               24.88       1.2731885e-007
               25.24       1.2916108e-007
                25.6       1.3100332e-007
               25.96       1.3284555e-007
               26.32       1.3468779e-007
               26.68       1.3653002e-007
               27.04       1.3837226e-007
                27.4       1.4021449e-007
               27.76       1.4205672e-007
               28.12       1.4389896e-007
               28.48       1.4574119e-007
               28.84       1.4758343e-007
                29.2       1.4942566e-007
               29.56       1.5126789e-007
               29.92       1.5311013e-007
               30.28       1.5495236e-007
               30.64        1.567946e-007
                  31       1.5863683e-007
               31.36       1.6047907e-007
               31.72        1.623213e-007
               32.08       1.6416353e-007
               32.44       1.6600577e-007
                32.8         1.67848e-007
               33.16       1.6969024e-007
               33.52       1.7153247e-007
               33.88        1.733747e-007
               34.24       1.7521694e-007
                34.6       1.7705917e-007
               34.96       1.7890141e-007
               35.32       1.8074364e-007
               35.68       1.8258588e-007
               36.04       1.8442811e-007
                36.4       1.8627034e-007
               36.76       1.8811258e-007
               37.12       1.8995481e-007
               37.48       1.9179705e-007
               37.84       1.9363928e-007
                38.2       1.9548152e-007
               38.56       1.9732375e-007
               38.92       1.9916598e-007
               39.28       2.0100822e-007
               39.64       2.0285045e-007
                  40       2.0469269e-007
               40.36       2.0653492e-007
               40.72       2.0837716e-007
               41.08       2.1021939e-007
               41.44       2.1206162e-007
                41.8       2.1390386e-007
               42.16       2.1574609e-007
               42.52       2.1758833e-007
               42.88       2.1943056e-007
               43.24        2.212728e-007
                43.6       2.2311503e-007
               43.96       2.2495726e-007
               44.32        2.267995e-007
               44.68       2.2864173e-007
               45.04       2.3048397e-007
                45.4        2.323262e-007
               45.76       2.3416844e-007
               46.12       2.3601067e-007
               46.48        2.378529e-007
               46.84       2.3969514e-007
                47.2       2.4153737e-007
               47.56       2.4337961e-007
               47.92       2.4522184e-007
               48.28       2.4706407e-007
               48.64       2.4890631e-007
                  49       2.5074854e-007
               49.36       2.5259078e-007
               49.72       2.5443301e-007
               50.08       2.5627525e-007
               50.44       2.5811748e-007
                50.8       2.5995972e-007
               51.16       2.6180196e-007
               51.52       2.6364422e-007
               51.88        2.654865e-007
               52.24       2.6732885e-007
                52.6       2.6917134e-007
               52.96       2.7101416e-007
               53.32        2.728577e-007
               53.68        2.747028e-007
               54.04       2.7655127e-007
                54.4       2.7840684e-007
               54.76       2.8027719e-007
               55.12       2.8217784e-007
               55.48        2.841397e-007
               55.84       2.8622343e-007
                56.2       2.8854618e-007
               56.56       2.9133078e-007
               56.92       2.9499457e-007
               57.28       3.0030698e-007
               57.64       3.0866439e-007
                  58       3.2256093e-007
               58.36       3.4638005e-007
               58.72       3.8770079e-007
               59.08       4.5941166e-007
               59.44       5.8306298e-007
                59.8       7.9407291e-007
               60.16       1.1496355e-006
               60.52       1.7404565e-006
               60.88       2.7077407e-006
               61.24       4.2671285e-006
                61.6       6.7414373e-006
               61.96       1.0603985e-005
               62.32       1.6533754e-005
               62.68       2.5482458e-005
               63.04       3.8751439e-005
                63.4       5.8072934e-005
               63.76       8.5685481e-005
               64.12        0.00012438706
               64.48        0.00017754239
               64.84        0.00024901353
                65.2         0.0003429772
               65.56        0.00046359032
               65.92        0.00061447045
               66.28        0.00079797331
               66.64          0.001014279
                  67         0.0012603437
               67.36          0.001528833
               67.72         0.0018072262
               68.08         0.0020773471
               68.44         0.0023156343
                68.8         0.0024944695
               69.16         0.0025848286
               69.52         0.0025603648
               69.88          0.002402774
               70.24         0.0021079438
                70.6         0.0016919894
               70.96         0.0011959236
               71.32        0.00068750449
               71.68        0.00025885324
               72.04       1.8819112e-005
                72.4       7.9783908e-005
               72.76        0.00053959321
               73.12         0.0014604634
               73.48         0.0028479105
               73.84         0.0046338193
                74.2         0.0066684932
               74.56         0.0087265118
               74.92          0.010529965
               75.28          0.011789612
               75.64          0.012259731
                  76          0.011796737
               76.36          0.010407248
               76.72         0.0082705372
               77.08         0.0057248109
               77.44         0.0032155694
                77.8         0.0012142186
               78.16        0.00012261808
               78.52        0.00018252418
               78.88         0.0014086257
               79.24         0.0035617647
                79.6         0.0061753542
               79.96         0.0086408636
               80.32          0.010344628
               80.68          0.010828596
               81.04         0.0099294784
                81.4         0.0078467441
               81.76         0.0051083248
               82.12         0.0024380693
               82.48        0.00056297229
               82.84       1.4761193e-005
                83.2        0.00097727297
               83.56          0.003217683
               83.92         0.0061246471
               84.28         0.0088583966
               84.64          0.010589206
                  85          0.010761805
               85.36         0.0092935882
               85.72         0.0066227805
               86.08          0.003578187
               86.44          0.001116153
                86.8       1.8294732e-005
               87.16        0.00064552237
               87.52         0.0028159902
               87.88         0.0058418889
               88.24         0.0087280587
                88.6          0.010492352
               88.96          0.010511982
               89.32         0.0087624564
               89.68         0.0058404406
               90.04          0.002754216
                90.4        0.00056968488
               90.76       4.9238258e-005
               91.12         0.0014015613
               91.48         0.0042097599
               91.84         0.0075573339
                92.2          0.010326064
               92.56          0.011582679
               92.92          0.010915915
               93.28         0.0085806775
               93.64         0.0053836422
                  94         0.0023673482
               94.36         0.0004346981
               94.72         5.71388e-005
               95.08         0.0011528343
               95.44         0.0031551638
                95.8          0.005238458
               96.16         0.0066229459
               96.52          0.006848291
               96.88         0.0059092598
               97.24         0.0042045635
                97.6          0.002336542
               97.96        0.00086208463
               98.32        0.00010038151
               98.68       6.1033356e-005
               99.04        0.00049915798
                99.4         0.0010569292
               99.76         0.0014243026
