24219
7383
29946
1142
23816
4659
31289
7940
32699
32576
12001
7138
3557
18105
465
10557
19594
27362
14416
21273
17461
3179
345
6477
3817
20632
21301
9935
16986
29343
18256
3634
19037
1106
26693
12141
18334
8701
9787
10974
18065
7570
25972
1423
25259
25859
23331
25271
10705
10224
11390
30340
21521
130
1045
5655
9104
9111
4450
2257
195
23583
9889
32461
9954
21957
26850
20653
29850
31443
18012
27802
13571
26959
9988
5254
29905
17258
2910
20916
14286
24348
3475
16763
8840
6408
30917
8007
27718
20133
27295
12256
11585
17311
13104
29167
23825
30331
26361
14270
5478
10363
22340
3647
27896
7361
25784
5456
32449
21174
24619
11581
29033
16301
28087
7558
4866
19396
7696
6371
23797
5643
12820
17030
29756
17385
15524
6304
31186
24507
5811
26662
16232
2749
22940
11733
13402
1582
21433
2164
7905
22447
11057
8281
30090
3309
8977
10286
27879
25215
13983
23285
3460
21010
32491
6986
26140
19395
5798
6120
11789
7884
28727
6511
27658
21859
21004
23909
29968
2015
27950
8826
22427
27421
16921
18960
1817
7714
18378
13050
23455
31489
2329
12676
14811
28415
11337
18612
30538
7670
6366
2256
20138
21751
12206
14112
30899
4147
18747
8949
15618
6172
28224
19435
3926
31175
32394
15722
3326
24213
14857
17267
28306
1810
24615
23705
16866
27933
22872
3405
44
20810
7923
30815
21650
14212
21824
24770
9930
5879
19410
30864
15896
16685
22551
8525
4217
17526
15917
368
4641
19854
7159
4895
6440
19578
2673
4155
10625
24755
26944
24476
15659
20614
2190
26526
23723
4027
9492
27100
7097
6517
27256
19515
20026
8537
28634
29483
2414
24562
25258
4393
17771
32340
21436
3976
13002
25856
23198
29810
6304
29192
809
27178
20144
23156
14678
19347
10206
15075
10067
23030
24807
7030
14806
0
26448
27369
16050
17930
3228
13571
20904
23454
31170
6193
2943
23094
30430
15982
10070
9542
23335
23909
4666
2941
14625
474
6388
3400
6932
10822
10276
27801
25532
29889
21140
27110
10050
25637
4550
21108
4203
113
29903
17365
9744
22123
12648
18608
1230
6794
19267
12992
24830
29458
17819
22047
25831
11649
4879
2501
16179
25386
14256
4427
30112
20768
20825
21493
20472
26453
31295
1264
28483
21251
14792
8408
25915
2123
30625
25726
24576
3869
9483
8423
15885
5975
4213
4248
7787
6193
5968
4624
16676
32472
10783
27543
19451
12377
22221
31798
18266
25281
19780
32263
26508
4482
4667
15791
30252
4377
21583
27432
28638
1518
5974
26564
10813
17020
10736
13678
5652
20657
6494
27443
29136
10904
6040
21250
53
26165
1945
5296
5969
22705
9214
4671
7086
29879
29647
22880
15308
26653
413
20022
32718
15559
2253
29533
372
200
3379
29483
24649
14795
4323
20022
17950
10162
23619
21270
4022
6780
3173
17260
28099
24428
23444
18979
4625
2407
22573
9973
15618
6303
32177
13105
16186
17774
25623
9148
17307
29316
31079
11350
30068
2629
31108
26655
22261
19309
6217
11098
23527
18678
4568
8816
7322
8507
5423
25144
13598
12381
15613
19829
9397
16870
2739
29601
16777
1452
6109
19689
5275
19449
29107
30584
12796
19688
21227
23032
24895
32530
12242
20310
10798
16746
18587
16326
6588
23654
13815
19208
21307
7776
9190
26601
16847
5947
11980
7436
32291
14153
5831
14058
15450
21868
15680
7960
22089
24700
8384
14537
17891
16361
19205
26259
9204
10146
25942
7542
32531
25397
26387
10522
7889
23607
4752
1368
1847
24550
13347
28924
20592
26637
22396
7625
9922
27432
26421
8638
1731
30665
27306
3480
2505
7994
22027
19608
22178
29540
8368
12678
2693
7151
5548
21750
11849
18091
4772
10442
3029
30511
10466
25848
30680
31168
21669
12686
25530
32116
16059
12787
19410
6550
15442
21871
21977
16973
268
4333
13214
28793
14161
26112
7676
222
29417
23333
31753
3716
12746
18760
2705
19549
24366
8841
6083
8745
3305
5695
10025
4247
22266
13885
4574
8365
9568
341
30459
25193
16431
30491
4178
16041
27106
6379
16223
8264
29683
31790
26235
14474
425
20952
25171
25274
27954
1845
14233
27409
753
25574
18681
15578
1817
18727
10575
15316
14715
30291
24087
19672
19356
30377
9764
20923
32011
7248
6294
7286
20977
11417
12294
7556
6122
8581
5635
20876
11539
9351
17090
12864
15717
9866
17681
11909
27201
14646
18061
28116
4171
3439
8213
25312
8060
15135
4734
29049
14707
13878
30600
11184
2572
5359
32529
27196
3636
2900
19593
17436
15612
16388
2214
10622
18156
24116
15193
9696
24473
2292
512
3445
17785
5043
30173
6602
31735
9222
22215
14761
27587
8357
19999
6206
23916
4534
24070
8056
560
22095
20685
31154
32531
21302
15533
22163
11822
32491
28601
30514
2634
28392
22544
17790
30893
18983
15447
31454
25908
17637
22631
6676
25762
2470
12866
16487
20792
13177
15180
4609
5510
15741
4536
17814
6528
2980
30272
4934
1492
28855
18969
2757
20859
21914
10534
5305
19854
26066
29804
9059
9052
25924
24774
22146
30905
4927
24025
5748
11929
16061
26955
27295
28125
28646
8752
3855
30316
19158
12485
3424
25734
4000
22113
23775
24661
23443
14760
19948
27589
4028
17154
17571
17046
171
7500
1723
176
21370
11981
8365
694
11276
7787
9753
13533
4243
14622
20838
17407
9813
19366
18090
25835
11183
17529
32201
9728
21338
12800
6112
32506
25837
28930
9188
4875
18083
8033
5766
22830
21599
9988
31066
7864
10221
29972
5433
6191
13963
12651
7140
29792
26536
2633
5353
9644
2283
26697
4555
21923
17271
7828
27997
14036
30318
27477
6767
10466
6835
23661
17836
25307
5109
27751
20163
6086
4841
27566
23749
18811
27862
2557
4558
15800
3159
5144
8680
18800
24413
14778
20780
26214
26227
28622
7467
18171
18758
17121
5516
23620
5220
11736
10230
608
1092
18654
25392
18185
391
25761
30086
32360
12925
26046
27247
6702
17899
29817
27502
30432
23307
21682
2102
4978
10965
31253
18961
26392
22141
11408
5762
18777
32573
20746
9513
8293
2900
10834
3304
18856
15439
9813
11332
28831
31367
2965
28942
18411
31211
6870
17218
22692
7167
31002
5935
23535
13093
30160
27352
21203
2844
329
12955
20552
23238
26475
30992
10641
814
8873
13876
204
16329
23347
8647
24008
11260
26217
1266
18710
16863
23190
20269
7523
13889
2779
29280
773
21996
32617
19016
18899
18473
15859
4893
5434
23175
30308
13170
3725
14809
26573
23900
4509
15486
4513
19158
1930
8677
1316
6500
25560
27471
27425
2295
30661
12759
4571
8721
4058
7600
5959
1833
4033
25263
888
30033
86
26121
26459
14358
17408
29021
21412
5288
25922
5877
15368
28731
13197
11081
6829
13740
8793
30660
26591
15976
7796
2763
14852
17034
19865
18684
8658
5187
27716
9139
5823
10879
15813
6355
1977
16069
17043
24515
25624
607
10468
26550
12497
11964
11130
2864
32236
29970
21184
7366
20536
4423
19477
12581
21309
1042
19304
19029
26482
14430
11013
18495
24752
6127
15790
17005
2279
21319
1774
12050
15120
24779
19882
31562
10850
30498
15609
30882
10697
1758
1846
17371
1940
30558
16211
2283
20845
10994
23663
18501
5263
3649
7083
346
28211
14056
13370
26208
75
21860
4536
32082
7795
32306
2237
21048
18213
3636
14769
7848
15660
11863
5602
2701
21851
14963
15059
27175
19582
3955
6104
7507
14737
1205
4575
29709
28720
5300
6545
15411
26447
30948
26522
23691
30763
15581
21316
8456
2432
3260
30539
7241
31485
17094
6381
16995
25845
30799
1344
8416
87
7643
22728
22536
19168
24194
25929
14687
15247
21145
10714
12142
7002
17806
4411
21190
22047
4884
27240
20547
22493
24448
20334
1166
18980
12147
28286
28901
17866
8890
26944
27935
19680
22130
15977
15082
8420
12912
29072
24152
18744
9696
25918
24474
24019
5931
6980
23051
27191
2847
20305
31856
31907
18250
8131
24189
13705
29606
14526
20380
27458
32636
13691
747
13825
19842
11235
15491
30726
27462
5725
25600
13844
22480
4068
8254
21540
7555
5724
24672
2651
17221
18214
30231
9786
22752
18930
9505
27669
8871
24020
19471
11462
10332
15515
2636
25506
11089
18526
1883
28844
18382
14167
16224
17161
17843
12788
30946
1972
23646
5932
18383
12403
28111
23312
16832
26378
32010
13218
18303
16558
25533
2025
1991
17852
2851
21829
8010
8619
11304
32513
31224
3904
23246
15399
22911
21760
24783
6040
9486
26091
11140
13915
26207
31335
20741
22582
6132
13691
28818
18043
10401
10813
29234
9509
22602
21902
27033
23075
20974
24580
8271
32500
9956
15400
2831
4212
3941
29922
11886
20726
5195
16433
14013
4242
1560
10783
18223
20417
25914
27637
17471
28711
8078
17323
7500
26543
18210
24482
22918
10717
9791
12950
27662
15200
21671
17358
4953
9191
12827
20373
18390
12854
27168
19438
32208
18041
25859
9604
16021
5848
18971
18656
23768
8779
30542
19422
18516
17840
4566
19298
17586
10011
5189
20807
1965
27501
32199
22168
628
27176
1704
13827
23119
21377
32278
8842
21638
31927
13607
30332
14719
18084
6942
28324
29478
21138
28394
9664
27281
31055
10735
25653
26853
14468
2057
6144
32627
2626
20686
2288
15143
23262
17940
7442
10019
4351
23476
16749
25255
23541
7309
19184
20020
15436
24779
25513
5105
31393
14697
22584
3917
181
13556
22914
22502
18624
24978
1706
29610
22280
12356
21309
29755
29105
7528
7596
920
2775
17026
2560
9211
4314
13627
29897
9981
6393
22442
4695
8192
6179
32211
3629
21966
7689
3181
16051
30590
18040
29929
16683
6296
21734
12975
4582
14457
11851
11691
29880
22776
9522
9736
16809
26697
19471
3387
27117
546
16851
28740
18711
19485
11454
22320
5769
29022
22388
15843
2863
373
9300
2580
3949
13957
19205
8857
1365
26278
5201
3045
798
9353
2103
11727
4561
21339
16955
9877
17478
12779
24577
20256
14927
8462
15898
21641
25651
10563
30494
2781
6750
915
22779
23837
23894
10683
17548
32393
20977
12685
11118
16670
19910
30612
8207
13662
2017
23799
11271
30543
16827
7327
24748
19654
31849
31644
21984
30949
3603
22725
2862
26851
11176
24479
24342
7691
15056
25217
4260
30984
34
8181
32584
19039
32152
30560
7393
19517
5439
20710
17947
26995
17459
15496
29947
30143
2507
3215
440
15181
20241
28462
26061
381
25205
19299
13644
28903
23490
25886
17013
30877
31824
3237
8071
6319
24444
23863
29398
13813
3925
20207
20766
23304
20888
8172
4631
2706
16607
22703
21321
1736
1557
28612
7458
12852
17965
20645
24134
28088
6163
18907
12582
6096
5859
9830
8148
4375
25690
30303
23062
27149
12170
19164
4537
7703
5073
26900
28967
32711
25611
14532
24636
14942
13831
29137
2902
3215
16952
19758
24747
8326
27565
15616
30688
9513
1091
28672
6103
3230
8474
9249
20168
5133
4933
3188
20627
30887
22726
20040
3924
32231
6585
22933
16952
10519
1487
8347
20112
22039
9726
29382
18212
2394
30327
32469
30154
9009
23769
16443
9015
22604
20132
23493
4372
4989
15344
12158
23125
9408
4703
6608
11718
24953
27728
15339
5862
6652
16469
15211
18681
2130
9448
18228
8281
7227
31833
25505
19981
18543
7435
16863
24988
13609
18912
9875
9507
31718
3826
9155
32678
20586
22148
10739
20900
15109
19000
13454
32750
18452
21634
5512
8377
20682
22108
9282
32497
16689
25915
21422
26576
32619
9538
29619
30384
22590
5046
8659
21277
5328
21939
11531
5423
7598
24349
28922
17430
20243
1496
27718
8951
25192
21820
5692
16375
4359
13763
14262
31125
21572
15621
19266
28220
26286
14823
10368
2584
27282
20751
32460
10026
22977
15771
25373
29591
8851
2578
29997
4678
5676
21914
24539
10665
3070
31084
14541
21723
24207
8838
857
10988
9597
13215
23206
20601
20671
864
1806
18303
2349
19153
711
29040
31299
22546
12739
30599
26914
22859
20692
3417
15575
21477
24596
16814
23520
7163
3204
20878
748
24587
23795
12703
30947
7410
9762
16814
17446
3607
2597
24203
17688
28134
1804
17946
23005
6784
22723
423
28514
29360
12855
19066
9117
32546
4538
7339
23830
15311
13481
27704
31654
5564
28236
12373
1662
28900
26109
14595
31596
19058
141
740
9050
19252
30947
32078
4120
24141
27622
30366
10075
8234
23454
8911
24325
14775
28053
28747
3750
31698
26756
7936
31299
20224
13611
19895
31319
19294
26241
29089
25880
3291
3341
27699
7419
6053
22932
13108
26746
24801
21236
16149
30485
20383
9040
13184
14231
18957
16493
30259
25498
8938
29532
10255
25677
31550
858
13420
29813
27721
2036
27312
9138
3513
9839
22048
7940
11296
15974
18422
25229
17316
18869
18355
14489
4857
29590
23990
10715
23180
11018
27662
17145
7169
13435
2445
21324
28128
32415
4893
2273
14219
16031
26455
3523
26996
6009
82
2684
1420
20643
24505
12761
3071
24561
289
14830
8222
19128
18073
26202
31132
8756
4994
1996
30206
7975
2465
5318
24141
8387
7282
16289
13582
4810
28351
11730
8308
32500
11890
13419
17619
19857
25256
15845
9048
31087
24582
15644
20728
15102
22352
20891
6566
28338
12855
282
25545
15017
12915
10821
26605
14222
1810
5311
4280
8381
19472
16999
5920
20391
10279
26074
11996
1656
31976
8761
22296
19960
23819
30764
9069
27311
15620
1062
4368
11597
4567
29163
15434
8777
21036
18768
2600
25799
3494
30786
6771
6335
3697
15882
5602
20572
14618
23503
11407
24738
7844
11869
22696
26964
29912
5413
14695
5141
26844
19076
6724
20173
7
4424
31337
1358
31476
23408
10342
7736
28373
20019
17958
16153
2314
18244
18721
7129
12531
18261
19156
21846
31746
26074
15726
11083
10260
12815
22733
1398
4097
9532
21416
6138
20081
2615
15630
9986
754
32299
2575
11687
27976
28313
11193
27668
21252
14492
16710
8423
25433
19825
14995
29147
3370
54
32468
18340
31591
24818
27527
8475
11162
18646
16294
8603
21181
31683
18209
24235
1103
780
23179
12509
20391
9596
1811
3062
18311
8347
29367
8782
10228
1837
20660
22394
3653
26876
31297
17961
30587
10199
32636
23884
30928
7643
17573
22650
26259
30961
32650
6034
23858
28568
10562
6562
24729
13029
14366
7943
1466
16839
13789
14038
23149
400
1567
15227
32635
16305
28957
672
10485
197
18070
17489
30923
16594
11533
32093
26521
2251
28977
20735
12228
32089
27037
11709
28358
19162
17089
14737
28870
4779
18208
18759
23148
15778
30653
26406
9459
22495
2255
11474
8320
22981
5820
29809
28850
579
10053
9485
14202
9816
19198
7737
25133
6614
29442
1784
19671
5478
20196
986
12243
15820
18153
6248
2968
12396
26228
14274
1750
14605
19137
18567
29378
5342
27094
8181
27053
26294
17847
14418
15324
16544
24538
9866
7828
26263
218
4889
20852
11918
10351
14891
11784
8628
14750
14082
21914
17141
14125
7833
29003
7876
9306
11655
14435
2072
24013
3365
12518
9908
32458
29683
24168
15020
9899
9528
21281
14629
12942
5097
22340
9820
16203
11468
6797
20714
1961
3037
9241
21062
29393
8433
29819
30859
26370
1945
3596
32123
13447
5705
22402
11972
11494
26810
3269
27523
14939
27020
12798
6919
2948
7984
15600
215
10078
16389
26763
4598
32112
20929
26302
12133
17990
22547
25742
27114
18465
22151
5221
13072
21485
10665
12972
8047
3699
31597
14491
7725
22992
22222
12624
18885
29478
7862
25887
13831
6289
27678
20266
24417
19293
6006
4401
8028
630
28999
22955
19049
24863
28183
28693
23262
17895
18829
23434
19772
17881
25813
22420
4531
26612
25670
2882
14056
13531
20546
13946
12789
28365
15710
18833
26545
1494
16323
6937
23347
7239
11733
12282
9617
12133
30226
18885
6893
14430
3132
12100
16563
22913
12730
25430
31004
27565
7484
15865
2039
10
17822
7081
21672
10744
21519
5865
3441
9541
370
31
4080
11427
25348
1956
15081
5209
27199
19996
3398
32056
7167
20227
13916
13265
17124
22921
31600
4069
8439
2976
5754
26653
25744
851
29224
28155
25719
14937
26406
1553
26441
16362
24221
28785
31261
17617
32250
21860
6760
11715
16368
2655
14110
8175
7872
9010
19738
15318
13240
9091
8896
31325
28665
25723
26337
24608
21118
703
14046
31498
16218
26786
20497
24099
23617
18585
28776
4008
5706
7151
10835
7521
13555
31161
12257
19247
7782
23053
22822
4069
12539
6511
27103
21592
22013
20620
23129
10426
12721
21547
10126
25635
5268
29024
28305
25201
4581
14850
22317
21586
24419
30048
4553
21919
25176
2352
27791
15852
3542
28360
17358
24413
30273
2193
20892
10171
15885
27576
8383
22470
16329
29222
9934
17613
6493
10419
18835
22653
31888
28054
21428
17143
26829
21280
7314
4901
12838
6827
26482
10573
31129
23501
15835
14310
31378
11217
18750
18091
20914
22887
28637
27631
8399
4250
14565
12336
13372
31491
15325
20462
3402
12348
8004
20413
30222
2712
27254
5786
613
13329
11984
635
8758
32642
19476
11050
10487
25111
21519
18258
28275
8449
20857
26586
27850
1902
30236
32115
32697
14520
29753
23661
10523
29404
1831
13007
32432
21807
28477
9382
9502
32588
25842
669
31797
7249
18243
20174
24695
11851
2389
984
9688
11758
9052
21042
12226
21130
2747
18367
19036
5690
30061
5538
10508
19039
27811
26707
11835
20556
29358
1522
24664
19011
16416
9948
12319
22689
23598
15485
29723
14165
5209
6757
15721
20374
5966
13725
27072
4566
14090
28219
5806
11249
5697
5940
23076
28587
17665
12402
25653
32089
4243
1830
28187
1758
2722
12384
6779
16089
2974
4573
10986
18461
13411
27935
11951
14690
13078
8387
3786
2362
20304
5136
6966
30278
383
204
32108
16297
6537
3923
13352
16829
14514
30954
31855
19205
8895
9296
19409
15715
10843
28822
16364
20363
15547
8753
10033
696
20606
9806
1771
8350
15319
8293
17020
21919
13805
30225
18410
15169
1922
19743
26011
26336
11987
12260
11613
20640
31424
19412
2218
9894
24877
32337
25129
24712
5288
9153
2167
9985
7500
23779
11816
25578
30949
15971
11017
3685
1621
7852
25256
1884
16438
30205
29719
6698
2752
1215
5868
30103
6381
13334
18828
12554
11484
25782
13482
12794
14195
8184
26634
1446
6985
24364
21643
774
5827
23857
10084
18689
6525
9796
27310
27872
2283
23062
3875
27907
14400
21537
17189
15314
6030
11835
15106
30455
24111
20844
20086
7883
13413
2301
3953
25101
8253
19409
15899
20954
14777
12281
15893
4569
27181
15490
28930
22711
15082
3473
6727
21715
30490
32435
12302
18746
9451
20334
15761
30421
6640
30236
14997
9697
11972
5369
31796
25504
22000
17786
8928
18510
6670
11744
10661
22871
18223
5390
31406
23495
17275
26775
11531
11010
23319
26908
20402
26549
844
28885
26051
4876
22757
2157
30736
27174
24024
15891
24540
5574
14889
29390
12003
587
1036
4624
22683
29666
21322
26511
186
11002
9189
1872
4856
11512
19455
31748
2070
1324
2296
12184
31775
4612
26583
16904
31214
12928
3307
17012
8176
26598
7858
32373
555
16311
22521
23473
28031
6625
1349
28589
28716
7990
29042
18915
19349
31773
1434
9237
13124
13192
8248
27872
32045
7718
26509
24724
10039
27097
6979
9283
22008
11626
10577
5912
12480
25724
2590
19946
16090
26558
10217
27921
10766
13669
21864
21625
2666
7642
6063
20981
8003
10415
18260
19925
6518
17880
19665
9658
23283
7960
31785
10665
20349
7609
21455
28511
17067
30848
8899
28644
22323
24032
23038
9059
871
3694
3344
3897
14080
31637
26120
31308
3611
16011
4244
15262
13697
31619
24681
22306
25643
1317
14053
23758
3590
21563
27635
15857
13299
10157
15920
3271
29970
24751
3660
23114
17728
28473
27058
9804
27870
25271
10347
5571
13781
29443
8767
25444
27094
5520
16158
15987
1511
29416
26303
3033
18203
20568
4999
15735
29856
16873
3244
13242
2815
14483
2970
23919
11424
16558
20630
2521
31629
1193
27297
8449
16503
26622
13983
13902
766
20069
22968
10581
30509
25417
15103
18674
25668
30072
16465
11416
26811
15134
21120
14309
16259
4596
27825
31866
27279
4021
15107
28169
26259
30418
3186
7343
19468
25446
7162
27013
384
17516
29951
26994
25351
30000
30444
27203
778
2819
15387
19965
26699
11059
26613
12401
27941
32058
8282
2834
9238
3382
13891
19204
25978
12953
16805
3445
27289
20258
13465
30256
6628
31244
10683
21615
26748
27525
29135
2545
29940
15457
9387
26701
16216
19984
14673
30854
8814
28365
26971
24799
29243
3609
25500
23793
25545
5480
4612
31738
8744
14618
30404
6520
13491
21932
25779
17399
6804
11568
5872
1575
16267
6394
27593
17969
11755
925
18140
12107
8677
16150
24188
22923
25096
2886
30807
9208
265
24742
22869
29927
27840
21302
27843
21637
28276
8630
26288
5552
88
17689
26007
267
7253
5175
22335
13905
26634
20418
9440
14313
25106
10875
27271
21691
29829
8613
15803
25667
4289
14778
18273
2275
14442
29534
13533
27774
6063
3217
17530
11074
5327
25128
28940
24773
30940
1406
212
2900
5568
23143
31651
14728
3453
20837
19522
13849
7865
4639
4370
9719
6777
10766
24560
19607
26413
4986
347
27275
13549
10405
26329
27222
18178
22342
24726
20350
30376
10296
22095
7139
21266
28532
1902
8014
687
14397
5751
25933
18860
16794
25506
13631
22970
7945
31434
22699
20241
20850
6277
7126
32436
27738
2709
15508
31223
7001
28543
15198
27455
7118
6521
17061
12298
32465
6281
6246
21551
18281
12268
19967
21094
14591
15029
8769
15882
27155
17334
18886
14878
28462
21667
4484
24975
12824
16501
4003
1208
18762
27917
22156
24619
25510
24602
24131
12463
7270
4924
6134
18565
19283
21354
24534
2544
9527
12177
16677
27380
16532
14973
16528
26205
21142
9213
8384
32259
14407
27970
21804
12877
8194
15497
5937
4852
26410
5114
20836
19721
27
28623
21799
23098
29793
4024
3706
13649
22313
28542
10772
14333
15348
13031
25011
1493
1427
2267
25264
10394
8527
18884
726
16828
616
21819
14196
29984
29121
29408
689
28961
1497
14985
19232
14293
22269
18336
20884
3473
17340
15302
14646
12463
22940
21692
21972
16014
13835
6532
13436
27099
29592
25283
4682
26127
30563
17002
13694
11321
13010
3733
23761
31998
11654
5044
14602
17374
27534
12776
9420
16313
986
27056
3762
5265
31474
7108
18846
10897
13800
65
14157
32334
6538
6407
303
17998
10717
9055
21366
4551
15815
19682
20077
17576
6924
12182
8716
5341
3708
22873
1993
27855
21610
25219
3760
22315
25951
22471
28086
22501
31504
31578
20555
22140
24974
8535
20782
32127
26813
11107
6021
13136
2567
26509
18989
4136
5713
22135
19791
30043
46
7355
32308
10718
5715
9096
24922
8198
16972
11404
30407
18578
8045
23831
10397
5868
32266
1149
2031
6828
9963
8636
19411
21086
29434
27742
18104
7045
2879
25761
17914
25568
25870
11990
4020
32747
20095
15879
29398
19113
7967
4572
7543
29345
24805
3007
11628
6182
1384
7999
12057
8412
31566
25010
32391
25720
14344
15647
16055
5831
2493
19035
23350
4850
17795
5745
18418
27648
9685
22343
29516
26268
27970
21375
7790
16409
8546
412
4063
26291
29198
8806
21588
1816
8400
23183
458
4903
31897
3990
12497
9719
17842
3052
8235
26907
3573
11862
13973
24356
26941
10386
22245
14184
539
4413
14933
3842
26315
19700
17695
17178
8806
4794
2378
14439
30296
3993
27587
15345
18453
28044
8111
24860
5896
16797
27648
226
3788
9547
28486
15968
2463
32558
21960
13460
5908
16094
13780
12645
23304
4112
1619
8675
22742
18690
25504
5073
32463
6170
5787
28769
1508
13514
4601
21566
31142
6070
23006
10447
31857
32281
2477
25275
7139
15460
27679
2472
18835
9257
22930
27977
19456
312
20644
11159
15304
29192
32001
27742
24859
8024
8313
30204
1390
5909
4694
32613
3444
20095
18668
25451
28490
3976
8561
6461
22770
21884
23055
5677
6914
23783
29240
31926
11165
27316
25914
15549
21923
3730
29459
2327
26661
25756
27526
17996
31260
6712
12142
22170
5722
14911
23635
26429
25536
1119
22075
8942
7602
21438
9154
28074
28872
22752
20589
3508
4038
10955
18748
26077
5327
29545
26494
9475
725
15149
7657
3800
31572
6137
31722
16868
31808
17216
31546
7886
14908
23400
19378
13527
27404
21618
4448
22439
5197
23516
18650
16972
12899
13254
17874
27520
19380
18773
32747
28458
17428
2645
8651
12584
1151
15906
3698
7500
19214
26056
20682
10404
14116
26473
10623
30719
26088
2271
12048
20396
13049
32163
13351
12421
29021
3053
26662
17965
12474
3357
26114
2709
25288
19802
9556
17093
29958
3705
429
14553
12972
12832
19498
22345
737
20267
6985
2414
22319
13902
19707
1346
24116
10748
28411
25192
20122
19848
349
8812
24137
3979
18282
3659
14810
4997
6827
3382
4175
24263
29764
22675
1794
19600
8324
12613
10716
3446
20665
31277
11207
13831
32585
23536
2918
8369
23038
22011
28675
9951
9890
24773
21193
30053
21964
1364
18483
30
14329
3587
32196
22739
2270
13442
16377
27999
17661
28958
7292
28945
32119
20291
29850
30034
7713
27455
5111
30088
23001
32072
8064
23098
12571
5569
28834
14196
18127
28345
12473
19053
30565
30389
18636
31335
26148
30895
31095
24791
29887
1374
12072
7366
22826
440
26255
30071
17835
32438
13647
4170
22324
15959
19194
15840
15856
2535
32316
8832
21532
15745
14934
15801
5912
11475
24782
5449
14014
17697
29541
1854
12018
4236
6730
1883
8058
32405
23181
19389
22033
5597
4310
11455
16054
29486
1111
15386
11850
14783
9727
22353
15194
22708
20465
14668
6458
18917
6452
20290
10579
11744
4524
21725
14013
26929
31305
31641
4113
9953
19838
8558
29560
25660
11253
23214
264
27095
385
21296
10065
21970
30292
19118
15922
7003
114
12396
17394
7027
10597
8730
28811
15093
23602
20988
4937
6612
20365
6216
28308
20388
24649
13264
1546
20828
28690
32224
4818
25690
7262
5482
4652
17063
24993
17760
8780
21629
32448
10850
8552
8966
11465
23449
17168
26727
32481
6883
4030
24829
32382
20528
686
16870
22486
21548
14831
30916
10903
19998
27835
6333
21208
10511
7172
6343
15951
25648
12623
18210
8645
17014
32709
5669
8904
7559
23431
9790
18848
24537
15171
12597
20356
27160
6149
15024
7437
26569
32591
10748
3306
22318
2923
12554
18134
18537
13824
9400
18119
6115
14564
10834
25704
10223
28977
24153
28362
23979
30875
22659
12374
25895
26880
12546
28423
202
32321
27401
15574
26609
2641
26765
11381
30936
28555
19273
15935
16830
5449
26372
6512
9540
2738
10518
26001
7703
19411
6441
22583
26062
23794
22333
19181
790
12318
15087
28015
780
2315
30714
26649
25066
21277
27646
670
26342
7619
31104
8957
30551
13062
5170
14513
9498
31842
25205
26664
31796
10708
6173
2679
21432
20276
28276
21836
9708
27589
23937
16164
13223
4107
31370
29630
30461
5596
8151
27855
10526
7866
16825
759
24444
19552
5323
2804
1068
26523
27000
21270
11663
26971
24765
5362
6449
6666
24112
12123
19953
15132
23362
15502
10595
28392
32705
22701
23666
21174
9121
11375
6986
32537
7675
4117
1141
25215
1366
23200
835
10758
17702
12609
12656
11409
11410
27409
31745
3100
23162
23810
3951
332
10937
8725
20231
1354
2215
13262
23441
19922
19170
26342
27952
20359
31823
8255
1161
14986
13915
22045
14119
9546
28807
12690
6942
22942
26915
25658
5615
30737
2905
1577
4780
25980
30318
4130
25437
14043
2629
17929
20897
3929
7461
9627
8857
9389
16059
11613
4609
23977
11363
4050
2208
16144
23203
9969
4579
6825
14328
15318
21701
13457
3286
30392
5105
21205
7402
2843
31019
27456
28066
29767
12268
25458
21999
22008
4940
5938
15178
21847
29477
6406
8181
32297
13430
24832
26243
2119
20741
24026
28314
4430
31305
7238
28408
7831
25478
30847
12468
31594
30522
3620
4038
18286
31672
23110
25802
18788
27411
17344
15361
23061
573
32198
32153
31625
19312
30913
27438
28794
10189
21850
5776
26632
7236
3541
13767
4527
26035
18849
30804
11637
6226
3885
16826
27752
20046
18429
27965
13639
10676
19196
32490
8576
11665
24852
26071
18010
12888
30716
13228
7796
31107
30545
28002
10094
9341
27625
22859
2022
4800
32100
28243
20902
27450
25091
18565
13339
21750
17598
18129
13066
8952
20880
13836
13694
30569
23574
11576
261
8692
21592
32518
29979
15727
32231
25753
6887
20670
7464
17805
23845
30452
3823
16696
31844
21180
32335
23855
4977
20728
11441
32012
16403
32423
36
1903
17400
30220
19444
23619
12784
9997
1918
67
31577
32473
26434
8636
29146
13005
3130
23188
4437
12953
15723
21387
9750
1438
24505
11457
9041
6043
8191
20345
15819
14473
863
3356
7895
21443
20951
12161
17284
8810
3861
24171
23573
23816
30093
32339
16305
12403
10184
27752
18524
31221
3071
15317
11046
3753
1512
22594
8354
4648
720
12701
29082
8293
3050
21786
15361
20182
21223
6008
1065
18645
27846
13447
26167
2885
12014
2023
31699
888
25210
17170
18980
5456
16852
17564
19451
19621
29829
29882
27726
15847
32075
19202
1257
23045
20076
24945
13664
14733
30795
14514
9800
8980
9785
4509
3238
20696
23949
32767
424
14756
13047
6809
659
24820
27153
27755
11517
29274
13111
2866
2876
11296
31641
30511
1310
23855
910
10282
18651
31279
12076
27575
16455
3568
17685
30904
26188
2313
3987
23587
4248
13503
5096
8965
403
19752
21471
26055
22164
1680
19879
6320
9812
539
11745
17836
25507
30124
26616
4940
22617
2822
10417
15629
19600
14897
22275
24797
11792
8992
5928
17883
19467
10896
1012
95
31499
24115
4710
5946
13608
25614
21373
3647
2686
31007
2124
31234
30174
17220
15441
223
27076
31320
23043
27966
10633
11423
28074
13590
17114
8804
2675
6832
15209
9440
1476
19118
18146
11358
31949
6987
6433
14749
22624
20708
10402
24182
17154
3000
30009
14782
17730
17132
9987
27246
31817
28882
6556
15873
7859
21610
10130
7710
17309
27689
18970
375
8191
3578
24834
25585
11837
16515
14055
2565
29688
14761
5544
4966
23082
9814
32538
8420
19314
8057
24062
4496
3244
28751
17200
6945
965
4578
801
16790
24781
32719
18310
29213
23886
19019
26962
17716
1501
2408
9954
11278
16878
5525
2680
3384
3565
10596
5355
5244
7050
20625
157
14854
19540
18495
12460
17605
14985
13444
8301
19476
17452
20264
26390
31898
19545
29610
9146
9326
9942
11396
25979
19071
25066
9648
25595
21812
25202
10347
7187
1103
1585
1081
9416
16919
16488
2345
20602
4022
25766
30554
28255
4320
5090
1982
16432
31413
32711
29214
30754
27113
30799
5215
21272
25634
30611
7939
8983
2209
8162
27379
24058
13349
24592
23675
1127
7180
12816
30614
29953
9404
10181
2412
32735
30529
14870
2841
20030
6711
3649
8624
29298
4587
9585
24447
13347
19389
10898
10901
27829
22729
21092
27778
2056
15302
462
28510
32098
20013
11894
3085
21673
158
11662
3520
3030
31361
25841
28351
28838
23785
4718
21095
17042
11453
7523
24686
12546
10265
9870
25967
2494
2802
18977
23714
11173
1785
18452
18154
4513
29378
1727
29462
2522
29734
9128
7008
27946
10726
1690
31802
27346
6288
10999
18507
15467
24231
4942
7604
22047
29694
6960
24727
26392
30821
6976
7898
15929
21895
5002
24872
26380
14355
20502
3385
4860
9242
15292
15700
8901
10425
21817
12562
25640
30455
31363
15204
22499
24560
32346
20951
5088
32308
15392
8471
5549
3690
7658
19122
6444
15161
18647
12319
18316
24680
25505
28415
21111
2371
11121
29346
20365
11841
19192
16077
26642
30181
10171
22459
12515
31970
6574
27489
16047
27010
16645
8183
19043
20040
28231
11187
31206
8149
20644
6616
8455
16904
24200
24815
3764
28777
11376
11860
14956
1480
9725
2805
26102
26401
23878
15703
1876
5571
25715
3290
3827
11441
25992
19005
24100
19785
27774
16740
464
16163
6040
30809
1382
18236
8692
24466
29209
31316
31841
22386
20041
3732
26736
12049
12606
28788
18894
64
16156
7900
8656
3272
8467
4745
26960
243
19927
13491
15544
16206
13904
10477
3676
6572
10898
28236
21261
7022
2831
7115
23786
18690
6667
15342
22650
30890
337
2982
8184
10367
24613
8309
22766
30133
30073
14802
4102
6432
14948
16847
18204
3319
207
16633
10647
16345
27250
18816
23290
30989
19455
7576
5046
21006
20636
5406
67
26951
29079
1663
5742
12827
5717
14038
21749
1576
28812
5460
8529
23501
26802
17893
14291
17897
11958
16144
25074
8422
17133
32543
26340
4343
2895
7297
27243
13725
18659
13676
11762
13936
376
711
26584
3356
12694
4678
9484
12458
23220
27607
26842
1537
16811
9789
32516
14764
29035
12026
13333
26333
21997
18803
26610
12210
873
2383
11954
10936
32200
19488
29615
18862
5212
30277
21213
7563
9679
30479
7259
7106
24665
22562
13896
18628
21046
23582
20696
27590
24152
28799
8359
12229
26969
30402
4941
21960
21171
10442
12850
23654
3635
7297
10148
16519
29099
10946
6694
15215
2792
15735
21003
8696
4579
18686
23876
18718
19259
29906
9591
5057
28387
14183
11345
3495
26392
26965
25116
14273
31639
5049
19092
27055
15628
32216
25590
27781
17613
15878
1115
13008
7368
20935
8516
20948
25531
307
13686
8216
419
4511
14600
7461
118
2937
24506
1674
23828
6004
4488
15907
25723
14053
20863
26011
28987
23405
1744
21296
7467
8665
23587
17334
15193
13382
10541
28127
11847
6025
6789
23225
28244
26574
2995
10104
21624
18558
18314
5238
32052
2919
8889
1400
22473
21271
9372
22323
13737
13448
12888
11791
28203
7171
28710
8746
27266
31038
19695
27808
11760
30408
27674
31242
11831
16550
24994
1604
4177
7743
29803
9588
7520
25461
23254
24135
1000
32021
9619
14718
14652
7281
19638
27306
3894
17995
4877
30259
21035
18677
13233
30879
798
23991
3548
29457
564
31089
17146
16656
15720
4225
31491
7050
14208
20967
17159
19737
31552
7591
14859
31620
20189
14959
19
10889
15285
3706
7040
23514
15932
24500
18588
28773
12858
24351
26484
11992
20276
885
31718
4965
18727
30479
29690
19651
27005
7429
10358
2677
13369
29079
19372
78
28021
18892
14999
17205
4878
13912
25638
25382
7838
3523
15064
26233
9130
25032
25737
2663
7709
25596
7308
27850
1269
32176
31737
804
30013
7959
7240
739
2363
2476
18463
7907
12266
6606
11881
15925
6315
21421
19368
4127
1847
14186
32140
8547
9176
8314
29892
22212
7129
13388
30996
28871
9786
9259
13224
31927
16553
18021
29608
22251
14510
19117
8460
8780
21798
3518
20914
22801
13298
20545
13485
23245
12272
21745
18401
7084
25386
10749
3021
22777
6478
8621
10663
30436
18015
15945
16302
27523
21929
5431
18364
23318
25850
28003
19482
18831
16399
7396
24217
1362
12365
27100
1502
12089
29874
29343
5374
987
30218
24856
8523
18958
2918
28009
2669
2730
25290
29650
18612
30096
25126
8660
30124
6123
5255
32406
17138
18358
30607
21127
21319
26751
15651
12869
10723
28010
21859
12478
9227
15480
21727
31893
12518
22281
2823
27847
15245
27552
23780
16526
31585
13543
14342
5765
7841
18931
12734
24333
828
17352
9869
19952
29155
23584
28123
3909
3939
26984
30188
17300
30770
23564
23569
1850
14919
8436
21787
2318
8495
3407
31253
29764
2142
14223
19763
12690
10179
25012
2821
17298
3743
22734
7152
17000
16534
28093
14815
15012
10503
27452
7734
29546
22681
11550
19464
24528
16662
15574
19081
16263
25469
5949
25542
12990
9298
32656
15251
17731
14905
952
21189
13547
27331
5583
19106
30517
2440
24287
31894
16938
28022
12013
14888
7303
20584
11830
18731
14622
19706
13240
28729
8570
28316
25844
10077
29634
2022
755
16656
14303
17196
2183
8039
4065
8529
32211
18826
18335
23264
9485
30056
1950
22360
25731
22953
12085
11976
4572
23524
6638
27036
673
28435
21550
29367
1532
13892
793
28610
11199
16273
944
29635
31911
27473
1340
16369
2019
21392
8944
1735
27088
18365
16586
25943
12295
12451
12218
1761
16025
28827
23814
9892
6809
5119
4333
25588
15835
26081
139
7309
22524
15613
14076
16679
8354
5357
6596
22602
7941
18332
3182
9060
2735
31485
30580
6681
10624
5885
13919
12250
20212
22454
12591
6073
24745
20453
9469
31355
1051
28574
24543
21231
22962
25406
29708
25727
26880
24226
9793
5
8771
10390
7011
2784
6450
31376
2405
31814
23798
2207
28524
17627
4470
17822
6449
21635
11735
14253
29095
12917
1091
28898
26847
23442
30442
59
28968
23284
32327
28375
22394
20681
25765
7526
31509
23394
23265
5599
10341
5767
19057
9585
6953
9486
2213
21179
27604
30892
20269
1087
27699
19466
7644
27412
14161
795
27052
1500
30872
26030
15617
20470
11832
26687
11570
28917
27341
30483
18757
80
23100
30596
26106
12634
3549
29593
27404
31605
21472
9177
1459
4739
7657
19297
25709
17310
15102
6709
24574
2569
26787
2516
13749
28774
32579
26639
14066
4649
15826
1050
4581
20812
30897
12772
6040
5189
12242
6052
9008
8245
20508
31156
1648
25442
9233
30883
8062
17383
14254
30086
31722
18090
13202
4238
11500
8847
29539
30176
12525
5099
23406
27808
5705
1084
12685
23631
15188
23063
32078
15448
20379
1377
13137
8677
31340
7106
12274
24567
19096
6487
17704
28086
21367
6567
24493
1798
6957
7385
1888
15194
15916
11556
16103
24269
27642
30854
1688
4463
8501
12985
1690
20700
17108
21347
9287
18452
32431
1165
1749
20870
5442
21846
20278
24430
28845
1256
1852
15969
11520
31148
3073
26150
30134
14522
30598
19656
23679
29076
19866
28649
3395
29203
28670
2137
867
5793
7622
7144
9282
2729
514
24952
25348
27980
5534
11094
20885
11862
22663
19402
17133
14192
9743
10220
25235
13719
10387
27834
25952
5836
12379
6760
14214
4109
29121
23031
19409
16261
28310
20745
28716
16128
3777
26612
19302
15009
11305
13845
26678
24535
5590
2151
29053
14477
20051
13907
972
18081
2390
14538
14374
29592
11426
14226
19463
10384
22573
221
2724
8821
14718
7968
23413
22136
11866
290
6641
31421
31391
26708
6809
1876
5488
4448
311
17259
20882
19204
19560
12994
25878
28449
14936
30559
5177
29199
27341
31618
904
31796
25191
30683
30024
16853
21286
10747
30228
3371
20012
20233
15560
11962
17092
14006
16798
18398
28324
626
20631
9127
9071
25825
6941
4582
1406
30088
3302
30856
10208
27853
26651
3875
10655
23582
27834
30927
14405
13936
3897
12343
7071
15595
620
31216
11969
9187
6312
20745
27210
1035
16425
483
25578
27621
7857
26434
26401
9597
4210
32165
2889
1111
3630
16595
27350
20390
16029
1975
24541
7358
14095
21101
27091
11724
12114
16029
8344
10437
11478
5640
22707
15004
26895
11104
23776
31416
30491
31069
24776
8869
27813
14349
4367
28170
4617
23660
25747
14043
23992
13876
4851
8655
16095
8182
21583
28437
31555
30058
20047
17219
9327
17412
21095
31887
26642
27079
20825
26689
16291
5726
10235
27752
17222
25193
10554
31180
9203
28949
2399
23077
4309
20463
3729
11914
3056
2298
10907
12844
29191
6910
25072
5444
14781
19492
9196
1098
11770
2752
30813
12136
10128
20590
9794
26158
2591
15200
14291
7047
2102
20982
32705
26092
29370
9359
958
20439
6028
16800
28736
3195
29542
12291
31106
25778
15110
25489
19916
28727
32655
24562
31989
28437
29228
32180
31014
22367
2806
1435
5344
27426
5912
5688
8769
27288
29232
1981
6019
13982
28409
16912
23749
30568
13096
14622
9998
7028
2707
882
1167
17084
30104
16134
32296
27184
30397
14425
29230
27491
25492
1985
3180
9349
15586
6403
32615
23697
20991
20769
25319
14279
13184
18035
23474
20573
14612
16121
28827
18290
7852
26864
12475
25155
31967
419
3839
1953
8332
24196
5859
12707
1473
3195
24188
10136
31195
31102
22972
5183
10479
23650
29426
19515
6761
20209
3216
22721
24819
20028
20529
6804
409
5427
28378
6451
22058
1394
13952
21072
28385
4702
8395
7557
14148
25201
16154
30787
25165
6866
10183
19979
25032
2345
18604
4320
27900
8113
17126
13820
23181
30607
13272
27330
20897
19810
3955
5620
5698
11291
28597
31014
29956
14863
32112
1650
4583
23626
22093
15982
7806
9254
5136
10843
15185
15133
22814
18079
2177
16604
1596
29046
10666
20376
32153
12772
16653
6821
5903
27374
9711
23365
10662
20233
23100
32702
20058
10195
880
20655
16414
17921
27319
163
32032
11672
18515
23015
3407
21089
24127
32409
4635
30870
9746
28418
891
3554
5669
18982
15925
3721
16888
31896
18266
19170
22994
20883
26895
8462
19880
6727
3219
32484
5952
24433
30078
16427
28567
20782
16967
15628
29567
26897
22025
7366
31628
29299
3975
16548
11057
27914
29037
23341
31527
32190
8153
1946
17166
25015
22297
30093
1623
6075
16311
31999
2145
13239
17330
11898
27618
4251
18703
13193
24969
21611
30096
4974
10722
31379
24516
12306
28281
22652
20800
3906
13890
20572
32299
17431
31032
9810
22016
3254
5957
11186
20879
30778
13922
13470
25157
10479
19455
3030
26286
1729
21925
22736
18488
30196
1242
11276
9786
26133
25157
9634
12852
19760
11282
27165
8537
25411
29592
22923
22346
12787
15929
15573
11813
19582
11658
23885
32702
17393
29364
14982
21548
11163
4379
21096
22920
16833
13373
12163
2289
4243
7388
12708
7379
7007
26975
17574
15465
27653
15734
31115
129
5291
3325
13772
13696
31153
3619
27884
32421
30695
5835
6227
16018
15102
26930
24922
26888
22589
13266
12707
8690
373
18567
7595
19877
25655
20209
23970
30310
2372
30233
18554
11052
18501
26967
1342
15272
9149
3187
26277
30083
8507
17162
9447
18151
29140
18227
27087
27200
32464
21347
25361
32580
11940
9102
20191
13617
30241
4495
14007
27221
2538
20682
19583
25812
17451
3344
7635
2214
4744
28867
4510
11999
84
22074
25575
563
12548
10342
5102
1209
24291
14006
30840
8943
12807
57
28263
30719
899
14851
21901
10048
24798
5329
20418
28416
25540
1520
30260
22657
12796
5978
30975
10561
14746
803
23806
31102
32118
7699
19424
5114
1500
21909
10878
764
18821
17615
26987
28311
8902
9491
17357
12334
9480
7542
24684
16184
26232
13758
2313
23361
4608
28802
27633
5937
21877
20620
7122
10705
18
19842
16844
10123
25893
31686
13771
2418
22280
27546
28949
9602
20051
904
3871
31784
4432
23041
20645
32517
28591
21060
21753
13551
26235
129
32156
24376
16461
6462
12299
1075
1472
28667
27099
757
21028
18705
23304
5209
24695
736
31371
23879
25745
23081
18730
30261
1182
19897
13972
3053
1745
25928
23725
32145
1879
24480
1319
7133
19082
3074
11602
28077
32616
21189
31797
7615
1603
12608
24285
30137
4025
11498
16117
2670
10215
448
1943
32093
474
4071
27746
30586
5958
19603
9933
16690
28795
14887
7610
7081
10388
11166
11087
16198
498
22313
29953
9073
7913
31769
2545
29595
12984
8192
15228
21887
16063
10003
25613
25768
12268
19411
4150
1844
28791
14829
15872
32727
16847
20574
9855
24867
29396
20186
17833
17926
17990
29295
5224
29588
7549
17766
10477
18438
15195
9834
12616
6915
13184
19180
31797
29471
22972
16581
1081
13474
17866
13085
12526
11658
16187
30348
17051
8915
9648
8320
7176
17141
10572
11743
24209
8623
26473
31981
3192
8451
16266
7791
9600
27522
29841
16913
29111
25545
28211
16901
28307
11596
11944
4589
4672
12882
20647
5371
22841
19265
8593
8022
21014
27420
11245
9920
7076
30026
17940
26231
2363
8345
31021
31320
24908
2946
21596
13642
27194
26031
55
14042
14699
21178
9850
1059
30878
27192
507
10225
5503
30966
10976
7718
3960
26498
29455
3676
22475
27117
26342
6603
30686
23760
17965
16493
29141
29581
2376
8545
3942
7127
18097
6798
4841
14965
3238
2952
32431
9538
799
16311
26261
32377
27139
17334
32729
21807
18331
10745
25388
12065
23367
691
13576
24496
10352
2806
10307
20522
11709
22300
3813
7499
7306
31847
27959
11780
9366
32228
17180
10106
10235
149
32676
25170
27492
2766
21215
17708
5754
21216
20975
10349
6303
24821
8545
10050
17887
2107
6590
482
16419
31557
6748
29971
168
32686
32378
10991
5552
1279
26764
10472
26744
8914
22484
24330
8041
16952
15410
15488
28818
30297
31805
27994
30806
18522
8594
9613
26722
31364
8045
7483
8931
1698
26486
8757
5621
23466
16605
25279
27486
7840
5544
21907
24700
29368
10828
25384
23164
3259
29563
13363
2765
5547
32318
18799
14292
8362
7747
16537
32226
14360
22136
27327
7267
17916
12249
6075
9048
23461
29317
15099
5383
7313
29976
19843
20464
20621
30261
4404
21764
24862
13410
6478
15890
17952
14361
15412
30850
9645
1051
21103
6213
11072
8200
26358
22284
23066
12589
15532
5048
24293
5533
19755
26130
9368
13699
9408
6845
12442
32438
16310
11113
2602
16014
19672
1864
12542
19959
31025
16326
26410
17347
10518
28021
21060
8517
16999
24902
14278
11547
27665
30207
22707
28747
26327
5609
12414
2450
25427
18633
6951
19192
31031
24082
9895
21928
9177
1881
5006
10239
26607
30473
18667
20963
1686
22360
16236
17238
24986
11642
10182
26954
29937
32020
20567
3255
2440
16371
3594
10220
1347
1534
11388
9763
31807
20841
10589
16727
26458
812
16152
29274
9205
27572
694
10018
8440
21464
6399
13155
23831
4622
18147
12132
6740
32735
24857
14603
27333
25496
24326
19257
31384
8771
5344
8030
15188
19925
22803
19780
21601
25513
6372
7471
31947
20269
8276
16424
8771
1244
6471
25238
359
18796
1509
19726
4931
31048
14913
1900
29719
25664
6456
12835
10074
4479
6301
2513
23808
32702
20627
18711
7161
13752
6713
23719
30202
14046
397
7582
10367
12363
3722
1557
20241
29178
10644
5106
2756
2103
7958
19972
17157
2387
1642
8016
25490
27548
4089
31909
15306
30604
32419
2167
25383
10817
20577
10474
18185
7213
23080
17452
17845
16399
23313
5896
31389
3618
19128
22968
8162
28564
26337
9979
10519
32313
17506
22888
31560
27777
26429
21250
26170
10664
9740
25356
17141
5676
23714
15903
23424
23684
12783
15481
32748
16911
29988
21144
27795
1099
22040
30728
26018
5703
31978
28793
11221
21083
17641
11028
11906
29718
7856
11279
7897
28280
23957
13439
18538
29281
29765
7278
21224
14666
25768
4910
20780
26675
26379
14828
16764
7900
3197
19592
25358
1848
24697
19621
1224
31007
19910
25340
12618
1603
19100
27381
23598
613
4104
23672
29838
23497
24721
2048
199
22503
8732
22770
10109
2147
20237
4654
18912
3135
687
14563
4909
29008
9430
8615
8567
18926
30915
21447
11175
19184
4935
14043
18626
1496
31788
16030
15466
4938
32464
2301
27816
16835
28179
8814
25832
7303
24435
25731
2629
24283
8566
8895
25863
10101
29001
6568
9066
49
13222
21533
14754
3589
13562
31466
17179
32055
13512
17050
2309
32205
16456
27533
21008
25670
8277
2122
24436
17031
24198
32277
15157
3352
9626
29637
15269
8336
281
8912
24618
15182
16440
16040
27457
16234
32765
26186
24003
20715
8357
21523
14184
9275
10819
16342
8329
4312
25769
10029
24874
15435
9867
28684
18743
29022
8162
6556
28174
30602
9103
28486
24894
32431
13377
29197
17550
29448
22680
27682
24386
19805
31371
25266
6297
13178
22023
23043
31642
31969
15064
8127
10256
28604
9677
3984
21716
18965
29975
1516
18250
27465
15347
30003
25646
12730
31113
20727
15761
24773
14099
17306
16926
8948
20801
25119
29090
31860
28892
21050
15052
16841
30379
5801
26161
26304
24211
30151
12946
14757
24065
11871
1634
24247
16781
28350
23171
8153
19927
16908
16977
25738
10165
26588
13537
26135
1937
18945
31626
29711
15372
1187
27045
23800
16359
13459
16786
20288
26404
32732
27388
18039
26472
3227
24157
22715
16292
23056
27076
30835
17140
12276
13014
32320
19144
6157
6674
3888
21569
5633
25434
13109
3294
4456
18351
12246
4695
9764
21565
31525
27081
20213
14999
23281
29204
7752
30275
1084
21889
31056
27513
20207
16041
2392
25384
20941
21650
22360
2106
31398
16922
17862
18969
30413
19609
23726
18546
32716
15810
7173
11321
24661
9418
18491
4589
17788
13005
25871
26909
12324
13933
21159
27947
6839
31420
16608
6992
10011
3420
27875
18912
26849
12260
23801
17615
8127
30854
3744
4981
30272
26095
19166
19342
6330
27247
5333
5509
14465
12890
26264
17906
20314
10670
12349
12385
14130
1269
19763
5973
27152
20845
25558
23948
32329
20583
25409
23685
13043
8685
4963
1088
8347
679
27478
10309
25147
8448
8683
7655
19046
19844
11402
4042
30918
2700
8249
10915
25544
16158
10490
1855
10902
4367
2906
30151
17222
10858
25671
3650
22864
28182
6946
10843
28742
24498
14869
11364
7871
17092
8359
14236
30101
13587
17549
15789
26448
18513
29891
1401
17377
24317
21212
3862
7316
20616
30359
30999
9280
6327
28594
19214
24512
5704
6659
18767
15015
7384
30660
13814
21552
24068
1583
9003
6260
28111
16459
15012
31200
26179
17413
7788
24293
28252
19842
18147
6129
10273
31924
519
29087
18964
6443
30705
14123
26572
18478
22690
14632
11745
26891
5888
11381
5384
2987
21788
30061
20607
13673
26038
13150
31660
26660
1795
8252
19201
8083
15022
6295
17442
14553
24348
24523
16714
30810
28148
29815
17387
8652
991
2352
23188
22161
5516
30070
7704
11844
30200
13030
2541
15762
4588
15026
13266
32587
1223
22351
9908
21432
27261
15981
25811
2608
4832
1836
21793
10470
31262
20621
8170
26373
10891
11302
16058
3327
27553
8475
17276
12065
25157
23369
6879
30316
1612
23236
19966
27552
4414
14212
1855
30873
19034
19803
24187
5086
21466
25642
12384
19064
23928
10325
1300
7168
24624
1908
18971
23804
18248
17740
25467
4972
10894
23805
22558
415
32225
636
7543
21323
23026
22596
18025
8413
16972
11593
6500
15630
3218
22318
20945
183
19720
31927
4272
2278
27733
25729
16511
6961
19080
7153
28766
9290
4952
2666
27250
1236
10160
17603
2439
8309
16491
13560
4601
25389
11868
27167
4564
12518
23441
9374
3130
29516
29144
29340
29701
14814
19075
28853
14766
8261
2921
754
28782
28389
5421
6648
20130
10675
9923
22655
3444
326
23087
11526
27576
23088
24208
13253
22548
24206
4958
29924
1636
19934
26864
21226
29788
32529
10817
15736
8559
18657
5107
31799
32240
17509
23700
9743
21880
7651
4641
6298
14471
26597
28872
984
10606
9359
5874
24100
4204
31023
14977
21606
15127
16406
17238
2699
27389
27815
28439
16434
14220
30125
25135
11688
18223
14834
18966
11543
9146
4877
29906
1018
11784
2683
446
24788
29922
25841
3978
24866
29475
30705
2947
13198
31002
32156
1556
10853
17712
23239
12429
21067
4043
2896
26660
24878
3698
10418
29242
4472
12849
16088
19935
15753
9535
25391
16023
20324
19422
16895
29790
22696
19587
5627
29931
26307
25399
15895
10802
26466
1085
26009
14892
12587
4597
29299
3034
1199
10752
11728
7560
6554
19877
23277
4175
3117
26995
12330
3293
16111
40
26209
25977
1183
31954
21110
6465
9836
28724
15663
7350
6761
15723
27974
2939
32315
31186
6077
10074
10772
1058
10866
18568
28646
5854
9459
9002
23248
23022
29587
1559
733
14217
190
30432
18669
30809
28809
20238
3827
27354
14989
16042
16481
6660
5622
22531
16097
22313
27607
2219
1862
6944
17345
9155
8898
675
24211
24952
14425
27126
29587
30670
21141
27593
17342
12445
11644
18272
30557
8408
8383
29169
31193
25877
31284
22350
18384
1866
23686
3523
25448
29141
30252
322
25316
5056
9367
22973
19829
6722
22448
8404
14930
25481
18817
27312
26122
3766
24114
1583
12825
19754
16440
30785
17082
22784
3273
18066
12029
13530
9363
21865
30489
6369
29869
23760
13571
12551
19406
14581
15168
4240
4029
6608
5623
32464
26376
22022
8778
310
11001
25869
12262
18057
13766
17553
24793
22386
24840
19735
15269
12347
18542
14817
9106
10198
9395
26641
11080
18465
21197
4369
30108
31592
23400
1073
6315
13099
3730
9106
14117
27682
1976
10308
17388
13183
11729
29099
9182
4467
985
25639
8686
31987
23937
6899
27002
15548
19493
29006
31449
22933
22526
9945
20019
1492
22937
9025
6293
7715
1927
7453
26436
10116
3159
10266
1362
28307
14529
28245
24432
11275
9764
6408
23043
21132
23859
11369
19834
27036
21738
23247
7390
6635
24008
4887
6826
20187
19768
20038
12254
4415
32080
24687
31055
32611
29885
20696
20289
1614
19198
32088
27447
16451
7377
3331
8202
7310
9451
30218
22585
13437
19692
6876
20096
29100
19090
17041
13484
27013
7469
28809
15533
4616
32595
24400
14317
13256
8404
8901
16608
15670
15600
13692
8925
23330
24776
30048
29740
31359
30227
21405
5728
5991
26130
15293
4326
32095
26822
30224
31199
23771
21600
2386
24875
23045
249
24456
29126
30906
5251
12843
15704
2517
19200
392
26119
32177
3826
7015
6800
16361
30226
29931
6294
98
30276
23481
10554
3468
26315
16988
19435
9188
8633
11241
895
22206
22954
31454
31107
30273
30642
10064
27600
5811
5524
8262
6239
7415
26677
23648
7007
29779
11856
23996
29572
20855
30570
11545
8353
9915
22281
4157
4217
11689
22561
32661
19923
10683
17615
7964
9676
18533
5705
15997
14193
16982
8470
9340
8589
8700
20858
10642
17088
21318
3125
26071
16337
24749
1901
30246
17477
373
12264
7291
12593
23856
28286
16287
11852
10373
25038
3592
20808
32559
24625
18426
20323
8008
21996
29939
27961
27080
21418
2118
8412
19529
24873
14598
6694
30733
26675
4389
9550
2625
19408
30685
7098
2435
32698
15183
22292
23715
13329
23915
23200
7846
26960
10255
9933
29713
128
19571
27402
17764
7083
4548
2522
740
25236
22287
9003
21917
32677
27745
6372
25000
26921
1837
16829
32170
19131
21997
15955
925
8958
30476
9340
7891
27023
22276
29911
15159
20792
14788
3752
31191
31335
29524
5603
20127
10718
5051
32647
11111
22443
2593
14381
23601
10843
817
6369
30891
12907
1729
7728
3836
31231
6325
5506
27580
15574
24864
13483
9028
23678
8109
20412
16425
25796
28222
8479
15107
13423
5842
22499
8051
7726
172
24660
612
5582
30898
6863
11664
15792
22803
29908
9286
26747
21548
6237
25963
25358
26285
9582
3776
6841
13559
10734
17762
29612
22473
19381
1943
25519
23580
22758
19399
9492
31307
12927
4297
5610
18551
17710
17249
6004
27690
1127
7430
474
3898
7091
24552
29
7153
19019
5169
26704
1130
7397
10891
25606
6462
31182
10211
32007
13153
13113
15981
25159
13638
5079
30697
31000
10058
6567
21796
3742
29519
21264
1729
15747
935
4653
9017
23533
18741
27240
32289
1453
27854
11338
1196
5818
12261
21393
17264
10717
16488
7043
31085
28589
997
11651
23627
29118
7665
7650
29155
5654
13770
10999
8961
30432
16187
29298
27496
25189
19136
4333
19223
5943
8427
24516
23755
4271
11526
17703
13765
30618
31482
19053
29389
2864
19568
27819
5751
5702
2357
23430
7333
17604
3811
6725
26445
27992
9150
14123
26749
9068
4316
3331
11676
9558
10121
17148
12274
31439
13801
32439
3691
22439
11999
31903
5271
5815
2350
633
13046
24854
6622
24635
19571
21904
28130
29474
32046
17491
26359
24319
15998
21228
8143
29138
3127
7282
23407
26009
28456
8705
982
29802
4328
8042
31711
29376
15571
6185
18536
25619
29263
12440
21684
15787
27732
10082
22030
19381
16939
825
4783
27799
1397
18636
4066
5761
368
19699
27494
23364
32630
30509
25620
24168
13510
2125
21953
29048
15751
14704
11366
19105
18698
18226
4735
2428
23376
15650
24240
32295
18380
5491
1198
26266
18793
244
3421
5688
23503
27458
23094
15269
14818
3899
14316
14552
9612
12215
1103
16753
23741
18547
27504
13132
24496
19278
6
23894
27759
15800
13072
10399
21401
19047
28348
22449
2659
6987
22664
20513
7645
4037
32423
8803
27511
8980
29862
17378
17091
5904
9039
12112
21628
14106
20430
24379
4808
18259
7698
22242
26298
29708
4726
11590
24347
21886
22177
20100
15466
23483
17834
26465
32289
14053
896
12071
21818
3998
9098
944
8178
9151
8842
3008
21197
6989
14279
21400
29402
10665
16747
6087
1336
20230
20522
12868
6105
20000
5668
23994
18310
10796
15629
17187
26403
16650
26507
1432
11317
21954
25055
16487
1185
7982
17864
11111
31158
12020
5540
22920
17518
17592
4825
17838
30449
24975
21363
8640
24411
12214
23311
7163
1983
4740
15095
3725
30572
29341
32142
19807
6511
6761
24815
1586
27737
14020
9425
26349
24386
20471
28590
32309
13
20199
3876
2623
24302
25229
6043
10722
19242
22950
10024
9201
19742
17580
20401
14535
387
29700
27730
12835
14832
9849
26112
9527
1696
31721
11116
6907
3446
62
24618
4807
21054
25248
1811
4897
21558
11498
11240
15572
9421
3930
20536
5186
23466
5260
8067
29946
3056
20905
11935
25485
7873
26332
19035
12702
14081
25605
6499
10297
604
26034
5475
11366
7050
32331
8047
4605
25041
16268
13219
4283
27084
30776
6
3990
27500
31244
25268
14926
20796
31730
4925
5445
19689
27768
31560
912
5377
18560
636
29518
12283
19001
20896
9272
28792
1102
20736
15482
1736
15709
26131
8130
19376
8106
13404
15510
10346
4373
25998
17386
16366
18249
15603
32498
15728
27703
31246
14133
27690
26307
20096
25827
31835
7100
27432
5992
6544
15122
26766
19521
13858
27971
3714
10254
12288
29975
16128
17897
12974
6541
2135
4343
31374
27669
8842
23612
23903
16127
23543
11444
15363
24628
14646
27039
16773
27684
19524
26396
4954
19711
1761
32505
22247
14888
3126
11210
12356
19431
17851
23096
7744
30558
16216
25756
22437
1726
3787
27853
3517
25018
19017
2101
14356
14908
21096
29227
19840
29015
29500
14461
3679
18558
8384
5707
17440
13043
21112
28956
6661
23425
16981
11307
29478
12910
4825
17922
25018
6060
8315
29770
9106
30031
589
12770
18406
24132
32220
29486
25172
1343
29272
29874
28454
8181
32501
22495
19668
2700
26768
556
28361
16207
662
29289
11626
30375
7970
80
22357
838
19045
14942
26598
16038
21835
21985
1792
6578
29531
25937
13834
9667
28640
18659
20023
10701
15942
3420
13323
6107
27078
11555
25627
30392
10310
26523
15636
5103
5242
8879
11006
4598
21328
2735
6082
9895
10379
25690
17642
7663
16045
17724
29353
29898
9755
9786
30747
8303
20348
1131
12493
21959
1378
1065
25472
25892
10540
19048
1578
32304
14123
71
830
28708
22019
13541
25645
14906
30036
4470
1325
100
16282
5014
13881
14398
25426
16860
27993
8769
30559
3763
28195
25402
32427
23909
2690
20987
20241
23929
24758
19793
24443
12351
15004
11830
16711
3241
29232
10823
18672
21852
32592
14968
10730
21767
4803
23046
2509
5364
25209
12717
20150
477
2836
796
11498
21248
10920
26790
14269
26485
6335
15674
31155
3520
24481
16533
22500
27043
23250
19382
17573
27702
7899
10642
1380
4665
3661
26634
4052
23720
16388
13594
16971
14224
6825
7251
31592
17186
18810
14475
21752
13061
28238
11731
1562
14321
13523
32681
12450
10106
11035
5999
7612
22057
855
3868
11730
22481
8930
5170
32687
6688
8833
30448
4836
3445
9193
14792
26986
20465
8321
13587
27786
3793
5482
8964
6394
4603
12477
10202
13897
9686
25619
10842
7548
22367
75
4221
21242
13946
16007
13414
30629
4741
23160
9622
21834
25907
8668
2659
2619
24472
7492
13734
6202
19840
13851
17589
23193
17157
32228
22929
10144
18529
31427
17760
8495
30720
7487
14109
30884
17114
17222
17038
10751
20223
27761
21366
29253
9331
906
24845
1314
7229
24908
30125
17873
17851
27753
24270
1857
13880
31442
6452
6000
30400
22578
19815
6683
1075
5563
28772
30362
5529
1830
23698
23814
7349
4341
30455
9884
13533
11260
13484
5478
29705
16927
5262
14104
21033
18525
24887
28472
6844
14862
20269
27777
7326
22888
19288
3466
3105
22856
3514
30883
19296
21552
17498
27391
3280
13451
27265
793
1048
29241
8233
2640
6435
18759
5555
468
20851
19966
24536
30406
25528
544
18402
24987
10657
20334
27676
5314
25586
2925
17543
32390
1239
26730
24526
16949
29815
30652
27772
27778
973
8521
25197
18216
435
13388
24706
4048
9792
30037
4761
5685
18516
19857
13245
1414
4465
32587
153
23820
9165
947
11827
23564
26277
30174
14551
25839
27859
12047
8016
7072
10659
30773
24159
17206
26595
29876
16485
7891
14137
10856
21859
22987
17338
19175
10020
15113
19383
8711
32185
10159
10202
19873
18470
14589
6514
8852
32091
26996
21260
25356
2406
7483
28483
10756
6886
2497
18905
12297
25795
16548
28422
19777
10268
25042
5391
23725
6785
14574
21531
25771
31843
18933
4163
10431
29640
4385
18920
2194
32579
31245
18505
20539
5412
21019
21076
23998
17132
14867
27069
16338
24836
23308
15438
12776
11950
25232
16254
6504
27195
2555
10820
26686
14719
11556
16685
2197
30338
13375
10413
13794
13432
21762
12722
26405
4339
28423
21631
11884
9560
1906
19896
12696
11407
10195
4537
8291
12543
9294
2604
19362
22202
3321
20955
16840
5620
20101
25282
5292
31162
17953
27241
11404
14049
19611
14449
19537
12092
31944
31596
11028
13586
14631
16370
18146
8910
13505
26097
21692
6905
851
68
29154
1126
29871
21127
31314
5804
16224
24874
10379
2777
16013
18373
25238
17509
18208
18859
22599
1637
22566
20674
22209
2305
10873
20114
30008
808
25501
13211
32507
31875
28649
28908
16049
31655
18407
14321
3810
25742
9469
27789
21434
6984
26956
32104
16906
16110
16088
5771
6032
4312
12777
25130
10360
23567
19122
19392
26146
28933
27185
31074
17190
2436
28246
28492
6294
10469
24935
4545
28803
19586
14499
30994
22978
110
26150
19452
10479
11363
16908
5174
19123
11515
3801
16715
2883
3363
7449
19878
30505
29645
21059
14827
14663
6630
5859
21134
6681
23688
28664
29598
1082
16240
18331
16097
12842
29618
10466
30758
26958
13995
29444
31703
26168
7480
18366
974
24105
7973
14581
11881
14804
30441
31132
31713
28005
10640
5592
13783
4546
19192
30306
30000
8977
21056
13102
14883
2170
4734
31050
19088
18734
11184
2056
19092
4776
2038
2399
17242
29747
14590
18831
3124
29612
18879
4612
18922
24457
22634
11133
30802
538
3229
19309
12832
6671
15834
28833
11008
15419
24121
29476
4066
663
32089
19296
16789
11402
30620
21637
7576
5223
9620
3631
18733
7736
8120
8515
12974
954
27228
11289
15652
8616
7648
6625
18966
10812
24359
2367
5535
24820
15434
1593
6339
17298
16782
6995
26115
17510
23188
32248
13359
31183
21456
