   0.00000000     1.00497506
   0.00500000     1.00997506
   0.01000000     1.01500013
   0.01500000     1.02005038
   0.02000000     1.02512594
   0.02500000     1.03022695
   0.03000000     1.03535352
   0.03500000     1.04050580
   0.04000000     1.04568389
   0.04500000     1.05088795
   0.05000000     1.05611809
   0.05500000     1.06137444
   0.06000000     1.06665715
   0.06500000     1.07196633
   0.07000000     1.07730212
   0.07500000     1.08266467
   0.08000000     1.08805409
   0.08500000     1.09347052
   0.09000000     1.09891411
   0.09500000     1.10438498
   0.10000000     1.10988327
   0.10500000     1.11540913
   0.11000000     1.12096268
   0.11500000     1.12654407
   0.12000000     1.13215344
   0.12500000     1.13779092
   0.13000000     1.14345666
   0.13500000     1.14915081
   0.14000000     1.15487349
   0.14500000     1.16062486
   0.15000000     1.16640506
   0.15500000     1.17221423
   0.16000000     1.17805252
   0.16500000     1.18392007
   0.17000000     1.18981704
   0.17500000     1.19574356
   0.18000000     1.20169979
   0.18500000     1.20768588
   0.19000000     1.21370197
   0.19500000     1.21974822
   0.20000000     1.22582477
   0.20500000     1.23193179
   0.21000000     1.23806941
   0.21500000     1.24423780
   0.22000000     1.25043711
   0.22500000     1.25666750
   0.23000000     1.26292911
   0.23500000     1.26922211
   0.24000000     1.27554665
   0.24500000     1.28190290
   0.25000000     1.28829101
   0.25500000     1.29471113
   0.26000000     1.30116344
   0.26500000     1.30764809
   0.27000000     1.31416525
   0.27500000     1.32071507
   0.28000000     1.32729772
   0.28500000     1.33391337
   0.29000000     1.34056218
   0.29500000     1.34724432
   0.30000000     1.35395995
   0.30500000     1.36070925
   0.31000000     1.36749237
   0.31500000     1.37430950
   0.32000000     1.38116079
   0.32500000     1.38804643
   0.33000000     1.39496659
   0.33500000     1.40192143
   0.34000000     1.40891113
   0.34500000     1.41593587
   0.35000000     1.42299582
   0.35500000     1.43009115
   0.36000000     1.43722206
   0.36500000     1.44438870
   0.37000000     1.45159127
   0.37500000     1.45882995
   0.38000000     1.46610490
   0.38500000     1.47341633
   0.39000000     1.48076440
   0.39500000     1.48814930
   0.40000000     1.49557122
   0.40500000     1.50303035
   0.41000000     1.51052686
   0.41500000     1.51806095
   0.42000000     1.52563280
   0.42500000     1.53324261
   0.43000000     1.54089056
   0.43500000     1.54857685
   0.44000000     1.55630166
   0.44500000     1.56406520
   0.45000000     1.57186765
   0.45500000     1.57970921
   0.46000000     1.58759008
   0.46500000     1.59551045
   0.47000000     1.60347052
   0.47500000     1.61147049
   0.48000000     1.61951056
   0.48500000     1.62759093
   0.49000000     1.63571181
   0.49500000     1.64387339
   0.50000000     1.65207588
   0.50500000     1.66031949
   0.51000000     1.66860442
   0.51500000     1.67693087
   0.52000000     1.68529906
   0.52500000     1.69370920
   0.53000000     1.70216150
   0.53500000     1.71065616
   0.54000000     1.71919340
   0.54500000     1.72777343
   0.55000000     1.73639648
   0.55500000     1.74506274
   0.56000000     1.75377245
   0.56500000     1.76252581
   0.57000000     1.77132305
   0.57500000     1.78016438
   0.58000000     1.78905003
   0.58500000     1.79798023
   0.59000000     1.80695518
   0.59500000     1.81597512
   0.60000000     1.82504028
   0.60500000     1.83415087
   0.61000000     1.84330713
   0.61500000     1.85250929
   0.62000000     1.86175757
   0.62500000     1.87105221
   0.63000000     1.88039344
   0.63500000     1.88978150
   0.64000000     1.89921661
   0.64500000     1.90869901
   0.65000000     1.91822895
   0.65500000     1.92780665
   0.66000000     1.93743236
   0.66500000     1.94710633
   0.67000000     1.95682878
   0.67500000     1.96659996
   0.68000000     1.97642013
   0.68500000     1.98628952
   0.69000000     1.99620838
   0.69500000     2.00617695
   0.70000000     2.01619550
   0.70500000     2.02626426
   0.71000000     2.03638350
   0.71500000     2.04655345
   0.72000000     2.05677439
   0.72500000     2.06704655
   0.73000000     2.07737021
   0.73500000     2.08774561
   0.74000000     2.09817302
   0.74500000     2.10865270
   0.75000000     2.11918491
   0.75500000     2.12976991
   0.76000000     2.14040796
   0.76500000     2.15109934
   0.77000000     2.16184432
   0.77500000     2.17264315
   0.78000000     2.18349611
   0.78500000     2.19440347
   0.79000000     2.20536550
   0.79500000     2.21638249
   0.80000000     2.22745469
   0.80500000     2.23858240
   0.81000000     2.24976588
   0.81500000     2.26100542
   0.82000000     2.27230130
   0.82500000     2.28365380
   0.83000000     2.29506320
   0.83500000     2.30652979
   0.84000000     2.31805386
   0.84500000     2.32963570
   0.85000000     2.34127559
   0.85500000     2.35297382
   0.86000000     2.36473069
   0.86500000     2.37654650
   0.87000000     2.38842153
   0.87500000     2.40035608
   0.88000000     2.41235046
   0.88500000     2.42440496
   0.89000000     2.43651988
   0.89500000     2.44869553
   0.90000000     2.46093221
   0.90500000     2.47323022
   0.91000000     2.48558988
   0.91500000     2.49801149
   0.92000000     2.51049537
   0.92500000     2.52304182
   0.93000000     2.53565116
   0.93500000     2.54832371
   0.94000000     2.56105978
   0.94500000     2.57385968
   0.95000000     2.58672375
   0.95500000     2.59965230
   0.96000000     2.61264565
   0.96500000     2.62570413
   0.97000000     2.63882807
   0.97500000     2.65201780
   0.98000000     2.66527363
   0.98500000     2.67859591
   0.99000000     2.69198497
   0.99500000     2.70544114
   1.00000000     2.71896477
   1.00500000     2.73255618
   1.01000000     2.74621571
   1.01500000     2.75994372
   1.02000000     2.77374053
   1.02500000     2.78760651
   1.03000000     2.80154198
   1.03500000     2.81554731
   1.04000000     2.82962285
   1.04500000     2.84376893
   1.05000000     2.85798592
   1.05500000     2.87227418
   1.06000000     2.88663405
   1.06500000     2.90106591
   1.07000000     2.91557010
   1.07500000     2.93014700
   1.08000000     2.94479697
   1.08500000     2.95952036
   1.09000000     2.97431756
   1.09500000     2.98918893
   1.10000000     3.00413485
   1.10500000     3.01915568
   1.11000000     3.03425180
   1.11500000     3.04942359
   1.12000000     3.06467143
   1.12500000     3.07999570
   1.13000000     3.09539679
   1.13500000     3.11087507
   1.14000000     3.12643094
   1.14500000     3.14206478
   1.15000000     3.15777699
   1.15500000     3.17356795
   1.16000000     3.18943807
   1.16500000     3.20538773
   1.17000000     3.22141735
   1.17500000     3.23752731
   1.18000000     3.25371803
   1.18500000     3.26998990
   1.19000000     3.28634333
   1.19500000     3.30277874
   1.20000000     3.31929653
   1.20500000     3.33589711
   1.21000000     3.35258091
   1.21500000     3.36934833
   1.22000000     3.38619980
   1.22500000     3.40313574
   1.23000000     3.42015657
   1.23500000     3.43726272
   1.24000000     3.45445461
   1.24500000     3.47173268
   1.25000000     3.48909735
   1.25500000     3.50654907
   1.26000000     3.52408826
   1.26500000     3.54171536
   1.27000000     3.55943083
   1.27500000     3.57723509
   1.28000000     3.59512860
   1.28500000     3.61311180
   1.29000000     3.63118514
   1.29500000     3.64934907
   1.30000000     3.66760405
   1.30500000     3.68595053
   1.31000000     3.70438898
   1.31500000     3.72291985
   1.32000000     3.74154360
   1.32500000     3.76026071
   1.33000000     3.77907164
   1.33500000     3.79797685
   1.34000000     3.81697683
   1.34500000     3.83607205
   1.35000000     3.85526298
   1.35500000     3.87455011
   1.36000000     3.89393391
   1.36500000     3.91341488
   1.37000000     3.93299350
   1.37500000     3.95267025
   1.38000000     3.97244563
   1.38500000     3.99232014
   1.39000000     4.01229427
   1.39500000     4.03236852
   1.40000000     4.05254339
   1.40500000     4.07281939
   1.41000000     4.09319703
   1.41500000     4.11367680
   1.42000000     4.13425924
   1.42500000     4.15494484
   1.43000000     4.17573413
   1.43500000     4.19662762
   1.44000000     4.21762585
   1.44500000     4.23872933
   1.45000000     4.25993859
   1.45500000     4.28125416
   1.46000000     4.30267658
   1.46500000     4.32420638
   1.47000000     4.34584409
   1.47500000     4.36759027
   1.48000000     4.38944545
   1.48500000     4.41141018
   1.49000000     4.43348500
   1.49500000     4.45567048
   1.50000000     4.47796716
   1.50500000     4.50037561
   1.51000000     4.52289638
   1.51500000     4.54553003
   1.52000000     4.56827714
   1.52500000     4.59113826
   1.53000000     4.61411398
   1.53500000     4.63720486
   1.54000000     4.66041149
   1.54500000     4.68373444
   1.55000000     4.70717430
   1.55500000     4.73073165
   1.56000000     4.75440709
   1.56500000     4.77820119
   1.57000000     4.80211457
   1.57500000     4.82614781
   1.58000000     4.85030152
   1.58500000     4.87457629
   1.59000000     4.89897275
   1.59500000     4.92349150
   1.60000000     4.94813314
   1.60500000     4.97289830
   1.61000000     4.99778760
   1.61500000     5.02280166
   1.62000000     5.04794110
   1.62500000     5.07320655
   1.63000000     5.09859864
   1.63500000     5.12411802
   1.64000000     5.14976531
   1.64500000     5.17554116
   1.65000000     5.20144620
   1.65500000     5.22748110
   1.66000000     5.25364650
   1.66500000     5.27994306
   1.67000000     5.30637142
   1.67500000     5.33293226
   1.68000000     5.35962624
   1.68500000     5.38645402
   1.69000000     5.41341627
   1.69500000     5.44051368
   1.70000000     5.46774691
   1.70500000     5.49511664
   1.71000000     5.52262357
   1.71500000     5.55026838
   1.72000000     5.57805176
   1.72500000     5.60597440
   1.73000000     5.63403700
   1.73500000     5.66224027
   1.74000000     5.69058491
   1.74500000     5.71907163
   1.75000000     5.74770114
   1.75500000     5.77647415
   1.76000000     5.80539139
   1.76500000     5.83445358
   1.77000000     5.86366144
   1.77500000     5.89301570
   1.78000000     5.92251711
   1.78500000     5.95216639
   1.79000000     5.98196429
   1.79500000     6.01191155
   1.80000000     6.04200893
   1.80500000     6.07225717
   1.81000000     6.10265702
   1.81500000     6.13320926
   1.82000000     6.16391464
   1.82500000     6.19477393
   1.83000000     6.22578791
   1.83500000     6.25695734
   1.84000000     6.28828301
   1.84500000     6.31976570
   1.85000000     6.35140620
   1.85500000     6.38320530
   1.86000000     6.41516379
   1.86500000     6.44728248
   1.87000000     6.47956215
   1.87500000     6.51200364
   1.88000000     6.54460773
   1.88500000     6.57737526
   1.89000000     6.61030703
   1.89500000     6.64340387
   1.90000000     6.67666661
   1.90500000     6.71009609
   1.91000000     6.74369312
   1.91500000     6.77745857
   1.92000000     6.81139326
   1.92500000     6.84549805
   1.93000000     6.87977380
   1.93500000     6.91422135
   1.94000000     6.94884157
   1.94500000     6.98363532
   1.95000000     7.01860348
   1.95500000     7.05374692
   1.96000000     7.08906652
   1.96500000     7.12456315
   1.97000000     7.16023772
   1.97500000     7.19609110
   1.98000000     7.23212420
   1.98500000     7.26833791
   1.99000000     7.30473315
   1.99500000     7.34131082
   2.00000000     7.37807183
   2.00500000     7.41501711
   2.01000000     7.45214758
   2.01500000     7.48946417
   2.02000000     7.52696781
   2.02500000     7.56465943
   2.03000000     7.60253998
   2.03500000     7.64061042
   2.04000000     7.67887168
   2.04500000     7.71732472
   2.05000000     7.75597052
   2.05500000     7.79481002
   2.06000000     7.83384421
   2.06500000     7.87307406
   2.07000000     7.91250055
   2.07500000     7.95212466
   2.08000000     7.99194740
   2.08500000     8.03196974
   2.09000000     8.07219270
   2.09500000     8.11261727
   2.10000000     8.15324448
   2.10500000     8.19407533
   2.11000000     8.23511084
   2.11500000     8.27635205
   2.12000000     8.31779998
   2.12500000     8.35945567
   2.13000000     8.40132015
   2.13500000     8.44339449
   2.14000000     8.48567972
   2.14500000     8.52817691
   2.15000000     8.57088712
   2.15500000     8.61381141
   2.16000000     8.65695086
   2.16500000     8.70030655
   2.17000000     8.74387956
   2.17500000     8.78767098
   2.18000000     8.83168190
   2.18500000     8.87591343
   2.19000000     8.92036668
   2.19500000     8.96504274
   2.20000000     9.00994275
   2.20500000     9.05506781
   2.21000000     9.10041907
   2.21500000     9.14599765
   2.22000000     9.19180470
   2.22500000     9.23784135
   2.23000000     9.28410877
   2.23500000     9.33060810
   2.24000000     9.37734051
   2.24500000     9.42430716
   2.25000000     9.47150924
   2.25500000     9.51894792
   2.26000000     9.56662439
   2.26500000     9.61453983
   2.27000000     9.66269546
   2.27500000     9.71109246
   2.28000000     9.75973206
   2.28500000     9.80861546
   2.29000000     9.85774389
   2.29500000     9.90711858
   2.30000000     9.95674076
   2.30500000    10.00661167
   2.31000000    10.05673256
   2.31500000    10.10710468
   2.32000000    10.15772930
   2.32500000    10.20860767
   2.33000000    10.25974107
   2.33500000    10.31113078
   2.34000000    10.36277808
   2.34500000    10.41468426
   2.35000000    10.46685062
   2.35500000    10.51927847
   2.36000000    10.57196912
   2.36500000    10.62492387
   2.37000000    10.67814407
   2.37500000    10.73163103
   2.38000000    10.78538610
   2.38500000    10.83941061
   2.39000000    10.89370592
   2.39500000    10.94827339
   2.40000000    11.00311438
   2.40500000    11.05823027
   2.41000000    11.11362242
   2.41500000    11.16929222
   2.42000000    11.22524107
   2.42500000    11.28147037
   2.43000000    11.33798152
   2.43500000    11.39477593
   2.44000000    11.45185502
   2.44500000    11.50922023
   2.45000000    11.56687297
   2.45500000    11.62481471
   2.46000000    11.68304688
   2.46500000    11.74157093
   2.47000000    11.80038834
   2.47500000    11.85950058
   2.48000000    11.91890911
   2.48500000    11.97861544
   2.49000000    12.03862104
   2.49500000    12.09892742
   2.50000000    12.15953609
   2.50500000    12.22044855
   2.51000000    12.28166635
   2.51500000    12.34319100
   2.52000000    12.40502404
   2.52500000    12.46716703
   2.53000000    12.52962150
   2.53500000    12.59238903
   2.54000000    12.65547119
   2.54500000    12.71886954
   2.55000000    12.78258568
   2.55500000    12.84662120
   2.56000000    12.91097770
   2.56500000    12.97565679
   2.57000000    13.04066008
   2.57500000    13.10598920
   2.58000000    13.17164579
   2.58500000    13.23763148
   2.59000000    13.30394792
   2.59500000    13.37059678
   2.60000000    13.43757972
   2.60500000    13.50489841
   2.61000000    13.57255454
   2.61500000    13.64054979
   2.62000000    13.70888587
   2.62500000    13.77756449
   2.63000000    13.84658736
   2.63500000    13.91595621
   2.64000000    13.98567277
   2.64500000    14.05573879
   2.65000000    14.12615602
   2.65500000    14.19692621
   2.66000000    14.26805114
   2.66500000    14.33953258
   2.67000000    14.41137233
   2.67500000    14.48357218
   2.68000000    14.55613393
   2.68500000    14.62905939
   2.69000000    14.70235040
   2.69500000    14.77600878
   2.70000000    14.85003637
   2.70500000    14.92443503
   2.71000000    14.99920662
   2.71500000    15.07435299
   2.72000000    15.14987604
   2.72500000    15.22577766
   2.73000000    15.30205972
   2.73500000    15.37872416
   2.74000000    15.45577288
   2.74500000    15.53320780
   2.75000000    15.61103087
   2.75500000    15.68924403
   2.76000000    15.76784924
   2.76500000    15.84684845
   2.77000000    15.92624365
   2.77500000    16.00603682
   2.78000000    16.08622996
   2.78500000    16.16682506
   2.79000000    16.24782415
   2.79500000    16.32922925
   2.80000000    16.41104239
   2.80500000    16.49326563
   2.81000000    16.57590101
   2.81500000    16.65895060
   2.82000000    16.74241648
   2.82500000    16.82630073
   2.83000000    16.91060545
   2.83500000    16.99533276
   2.84000000    17.08048476
   2.84500000    17.16606359
   2.85000000    17.25207138
   2.85500000    17.33851029
   2.86000000    17.42538248
   2.86500000    17.51269011
   2.87000000    17.60043538
   2.87500000    17.68862047
   2.88000000    17.77724759
   2.88500000    17.86631895
   2.89000000    17.95583679
   2.89500000    18.04580334
   2.90000000    18.13622085
   2.90500000    18.22709157
   2.91000000    18.31841779
   2.91500000    18.41020179
   2.92000000    18.50244585
   2.92500000    18.59515229
   2.93000000    18.68832342
   2.93500000    18.78196157
   2.94000000    18.87606908
   2.94500000    18.97064832
   2.95000000    19.06570163
   2.95500000    19.16123140
   2.96000000    19.25724001
   2.96500000    19.35372987
   2.97000000    19.45070338
   2.97500000    19.54816298
   2.98000000    19.64611110
   2.98500000    19.74455018
   2.99000000    19.84348269
   2.99500000    19.94291111
   3.00000000    20.04283790
   3.00500000    20.14326559
   3.01000000    20.24419667
   3.01500000    20.34563367
   3.02000000    20.44757912
   3.02500000    20.55003558
   3.03000000    20.65300561
   3.03500000    20.75649177
   3.04000000    20.86049666
   3.04500000    20.96502287
   3.05000000    21.07007303
   3.05500000    21.17564975
   3.06000000    21.28175568
   3.06500000    21.38839347
   3.07000000    21.49556578
   3.07500000    21.60327529
   3.08000000    21.71152470
   3.08500000    21.82031671
   3.09000000    21.92965405
   3.09500000    22.03953944
   3.10000000    22.14997563
   3.10500000    22.26096538
   3.11000000    22.37251148
   3.11500000    22.48461670
   3.12000000    22.59728385
   3.12500000    22.71051575
   3.13000000    22.82431523
   3.13500000    22.93868512
   3.14000000    23.05362830
   3.14500000    23.16914764
   3.15000000    23.28524602
   3.15500000    23.40192634
   3.16000000    23.51919152
   3.16500000    23.63704450
   3.17000000    23.75548822
   3.17500000    23.87452565
   3.18000000    23.99415974
   3.18500000    24.11439351
   3.19000000    24.23522995
   3.19500000    24.35667209
   3.20000000    24.47872296
   3.20500000    24.60138561
   3.21000000    24.72466311
   3.21500000    24.84855854
   3.22000000    24.97307500
   3.22500000    25.09821560
   3.23000000    25.22398347
   3.23500000    25.35038176
   3.24000000    25.47741362
   3.24500000    25.60508223
   3.25000000    25.73339078
   3.25500000    25.86234248
   3.26000000    25.99194055
   3.26500000    26.12218823
   3.27000000    26.25308879
   3.27500000    26.38464549
   3.28000000    26.51686161
   3.28500000    26.64974048
   3.29000000    26.78328540
   3.29500000    26.91749972
   3.30000000    27.05238679
   3.30500000    27.18794998
   3.31000000    27.32419269
   3.31500000    27.46111832
   3.32000000    27.59873029
   3.32500000    27.73703204
   3.33000000    27.87602703
   3.33500000    28.01571874
   3.34000000    28.15611066
   3.34500000    28.29720629
   3.35000000    28.43900917
   3.35500000    28.58152284
   3.36000000    28.72475086
   3.36500000    28.86869681
   3.37000000    29.01336430
   3.37500000    29.15875693
   3.38000000    29.30487835
   3.38500000    29.45173221
   3.39000000    29.59932217
   3.39500000    29.74765193
   3.40000000    29.89672520
   3.40500000    30.04654570
   3.41000000    30.19711718
   3.41500000    30.34844340
   3.42000000    30.50052815
   3.42500000    30.65337522
   3.43000000    30.80698845
   3.43500000    30.96137166
   3.44000000    31.11652872
   3.44500000    31.27246352
   3.45000000    31.42917993
   3.45500000    31.58668189
   3.46000000    31.74497334
   3.46500000    31.90405822
   3.47000000    32.06394052
   3.47500000    32.22462423
   3.48000000    32.38611337
   3.48500000    32.54841198
   3.49000000    32.71152412
   3.49500000    32.87545386
   3.50000000    33.04020530
   3.50500000    33.20578256
   3.51000000    33.37218978
   3.51500000    33.53943112
   3.52000000    33.70751076
   3.52500000    33.87643290
   3.53000000    34.04620177
   3.53500000    34.21682160
   3.54000000    34.38829668
   3.54500000    34.56063127
   3.55000000    34.73382970
   3.55500000    34.90789629
   3.56000000    35.08283539
   3.56500000    35.25865137
   3.57000000    35.43534864
   3.57500000    35.61293161
   3.58000000    35.79140471
   3.58500000    35.97077241
   3.59000000    36.15103920
   3.59500000    36.33220958
   3.60000000    36.51428808
   3.60500000    36.69727926
   3.61000000    36.88118767
   3.61500000    37.06601794
   3.62000000    37.25177467
   3.62500000    37.43846251
   3.63000000    37.62608612
   3.63500000    37.81465021
   3.64000000    38.00415947
   3.64500000    38.19461865
   3.65000000    38.38603252
   3.65500000    38.57840585
   3.66000000    38.77174345
   3.66500000    38.96605017
   3.67000000    39.16133085
   3.67500000    39.35759038
   3.68000000    39.55483366
   3.68500000    39.75306563
   3.69000000    39.95229125
   3.69500000    40.15251548
   3.70000000    40.35374334
   3.70500000    40.55597987
   3.71000000    40.75923010
   3.71500000    40.96349913
   3.72000000    41.16879207
   3.72500000    41.37511404
   3.73000000    41.58247020
   3.73500000    41.79086574
   3.74000000    42.00030587
   3.74500000    42.21079582
   3.75000000    42.42234086
   3.75500000    42.63494627
   3.76000000    42.84861737
   3.76500000    43.06335950
   3.77000000    43.27917803
   3.77500000    43.49607835
   3.78000000    43.71406589
   3.78500000    43.93314610
   3.79000000    44.15332446
   3.79500000    44.37460646
   3.80000000    44.59699764
   3.80500000    44.82050356
   3.81000000    45.04512981
   3.81500000    45.27088201
   3.82000000    45.49776579
   3.82500000    45.72578683
   3.83000000    45.95495083
   3.83500000    46.18526352
   3.84000000    46.41673066
   3.84500000    46.64935803
   3.85000000    46.88315145
   3.85500000    47.11811677
   3.86000000    47.35425986
   3.86500000    47.59158661
   3.87000000    47.83010297
   3.87500000    48.06981491
   3.88000000    48.31072840
   3.88500000    48.55284947
   3.89000000    48.79618418
   3.89500000    49.04073862
   3.90000000    49.28651888
   3.90500000    49.53353113
   3.91000000    49.78178153
   3.91500000    50.03127629
   3.92000000    50.28202165
   3.92500000    50.53402387
   3.93000000    50.78728926
   3.93500000    51.04182415
   3.94000000    51.29763490
   3.94500000    51.55472790
   3.95000000    51.81310960
   3.95500000    52.07278643
   3.96000000    52.33376490
   3.96500000    52.59605153
   3.97000000    52.85965288
   3.97500000    53.12457553
   3.98000000    53.39082611
   3.98500000    53.65841129
   3.99000000    53.92733773
   3.99500000    54.19761218
   4.00000000    54.46924138
   4.00500000    54.74223213
   4.01000000    55.01659126
   4.01500000    55.29232561
   4.02000000    55.56944209
   4.02500000    55.84794761
   4.03000000    56.12784916
   4.03500000    56.40915371
   4.04000000    56.69186832
   4.04500000    56.97600003
   4.05000000    57.26155596
   4.05500000    57.54854325
   4.06000000    57.83696906
   4.06500000    58.12684062
   4.07000000    58.41816516
   4.07500000    58.71094997
   4.08000000    59.00520237
   4.08500000    59.30092972
   4.09000000    59.59813941
   4.09500000    59.89683887
   4.10000000    60.19703557
   4.10500000    60.49873700
   4.11000000    60.80195073
   4.11500000    61.10668431
   4.12000000    61.41294539
   4.12500000    61.72074160
   4.13000000    62.03008064
   4.13500000    62.34097026
   4.14000000    62.65341821
   4.14500000    62.96743232
   4.15000000    63.28302043
   4.15500000    63.60019043
   4.16000000    63.91895025
   4.16500000    64.23930787
   4.17000000    64.56127128
   4.17500000    64.88484854
   4.18000000    65.21004774
   4.18500000    65.53687700
   4.19000000    65.86534451
   4.19500000    66.19545846
   4.20000000    66.52722712
   4.20500000    66.86065878
   4.21000000    67.19576177
   4.21500000    67.53254446
   4.22000000    67.87101529
   4.22500000    68.21118272
   4.23000000    68.55305523
   4.23500000    68.89664139
   4.24000000    69.24194979
   4.24500000    69.58898905
   4.25000000    69.93776785
   4.25500000    70.28829491
   4.26000000    70.64057900
   4.26500000    70.99462891
   4.27000000    71.35045351
   4.27500000    71.70806169
   4.28000000    72.06746239
   4.28500000    72.42866459
   4.29000000    72.79167732
   4.29500000    73.15650966
   4.30000000    73.52317074
   4.30500000    73.89166970
   4.31000000    74.26201578
   4.31500000    74.63421823
   4.32000000    75.00828634
   4.32500000    75.38422948
   4.33000000    75.76205705
   4.33500000    76.14177848
   4.34000000    76.52340328
   4.34500000    76.90694097
   4.35000000    77.29240116
   4.35500000    77.67979348
   4.36000000    78.06912760
   4.36500000    78.46041327
   4.37000000    78.85366027
   4.37500000    79.24887843
   4.38000000    79.64607763
   4.38500000    80.04526780
   4.39000000    80.44645891
   4.39500000    80.84966101
   4.40000000    81.25488416
   4.40500000    81.66213850
   4.41000000    82.07143422
   4.41500000    82.48278154
   4.42000000    82.89619074
   4.42500000    83.31167217
   4.43000000    83.72923620
   4.43500000    84.14889329
   4.44000000    84.57065391
   4.44500000    84.99452862
   4.45000000    85.42052801
   4.45500000    85.84866273
   4.46000000    86.27894348
   4.46500000    86.71138103
   4.47000000    87.14598618
   4.47500000    87.58276979
   4.48000000    88.02174280
   4.48500000    88.46291616
   4.49000000    88.90630091
   4.49500000    89.35190814
   4.50000000    89.79974899
   4.50500000    90.24983464
   4.51000000    90.70217636
   4.51500000    91.15678546
   4.52000000    91.61367329
   4.52500000    92.07285128
   4.53000000    92.53433091
   4.53500000    92.99812371
   4.54000000    93.46424129
   4.54500000    93.93269529
   4.55000000    94.40349742
   4.55500000    94.87665947
   4.56000000    95.35219324
   4.56500000    95.83011064
   4.57000000    96.31042361
   4.57500000    96.79314416
   4.58000000    97.27828436
   4.58500000    97.76585633
   4.59000000    98.25587226
   4.59500000    98.74834441
   4.60000000    99.24328509
   4.60500000    99.74070667
   4.61000000   100.24062158
   4.61500000   100.74304233
   4.62000000   101.24798147
   4.62500000   101.75545163
   4.63000000   102.26546550
   4.63500000   102.77803582
   4.64000000   103.29317541
   4.64500000   103.81089715
   4.65000000   104.33121398
   4.65500000   104.85413891
   4.66000000   105.37968501
   4.66500000   105.90786542
   4.67000000   106.43869334
   4.67500000   106.97218205
   4.68000000   107.50834489
   4.68500000   108.04719525
   4.69000000   108.58874661
   4.69500000   109.13301251
   4.70000000   109.68000656
   4.70500000   110.22974242
   4.71000000   110.78223384
   4.71500000   111.33749464
   4.72000000   111.89553870
   4.72500000   112.45637996
   4.73000000   113.02003245
   4.73500000   113.58651027
   4.74000000   114.15582756
   4.74500000   114.72799857
   4.75000000   115.30303760
   4.75500000   115.88095902
   4.76000000   116.46177728
   4.76500000   117.04550691
   4.77000000   117.63216250
   4.77500000   118.22175871
   4.78000000   118.81431028
   4.78500000   119.40983203
   4.79000000   120.00833885
   4.79500000   120.60984569
   4.80000000   121.21436760
   4.80500000   121.82191969
   4.81000000   122.43251714
   4.81500000   123.04617523
   4.82000000   123.66290929
   4.82500000   124.28273475
   4.83000000   124.90566709
   4.83500000   125.53172189
   4.84000000   126.16091481
   4.84500000   126.79326157
   4.85000000   127.42877798
   4.85500000   128.06747993
   4.86000000   128.70938338
   4.86500000   129.35450439
   4.87000000   130.00285909
   4.87500000   130.65446367
   4.88000000   131.30933444
   4.88500000   131.96748776
   4.89000000   132.62894008
   4.89500000   133.29370795
   4.90000000   133.96180799
   4.90500000   134.63325688
   4.91000000   135.30807143
   4.91500000   135.98626851
   4.92000000   136.66786505
   4.92500000   137.35287812
   4.93000000   138.04132483
   4.93500000   138.73322239
   4.94000000   139.42858810
   4.94500000   140.12743935
   4.95000000   140.82979361
   4.95500000   141.53566842
   4.96000000   142.24508146
   4.96500000   142.95805044
   4.97000000   143.67459319
   4.97500000   144.39472762
   4.98000000   145.11847175
   4.98500000   145.84584366
   4.99000000   146.57686153
   4.99500000   147.31154365
   5.00000000   148.04990838
   5.00500000   148.79197417
   5.01000000   149.53775959
   5.01500000   150.28728327
   5.02000000   151.04056395
   5.02500000   151.79762047
   5.03000000   152.55847175
   5.03500000   153.32313682
   5.04000000   154.09163478
   5.04500000   154.86398485
   5.05000000   155.64020635
   5.05500000   156.42031867
   5.06000000   157.20434133
   5.06500000   157.99229391
   5.07000000   158.78419612
   5.07500000   159.58006775
   5.08000000   160.37992871
   5.08500000   161.18379899
   5.09000000   161.99169869
   5.09500000   162.80364800
   5.10000000   163.61966722
   5.10500000   164.43977676
   5.11000000   165.26399711
   5.11500000   166.09234889
   5.12000000   166.92485279
   5.12500000   167.76152964
   5.13000000   168.60240035
   5.13500000   169.44748594
   5.14000000   170.29680754
   5.14500000   171.15038638
   5.15000000   172.00824380
   5.15500000   172.87040125
   5.16000000   173.73688029
   5.16500000   174.60770257
   5.17000000   175.48288986
   5.17500000   176.36246405
   5.18000000   177.24644712
   5.18500000   178.13486117
   5.19000000   179.02772842
   5.19500000   179.92507119
   5.20000000   180.82691190
   5.20500000   181.73327311
   5.21000000   182.64417747
   5.21500000   183.55964776
   5.22000000   184.47970687
   5.22500000   185.40437779
   5.23000000   186.33368364
   5.23500000   187.26764766
   5.24000000   188.20629319
   5.24500000   189.14964370
   5.25000000   190.09772278
   5.25500000   191.05055412
   5.26000000   192.00816155
   5.26500000   192.97056901
   5.27000000   193.93780055
   5.27500000   194.90988036
   5.28000000   195.88683275
   5.28500000   196.86868212
   5.29000000   197.85545304
   5.29500000   198.84717017
   5.30000000   199.84385830
   5.30500000   200.84554235
   5.31000000   201.85224736
   5.31500000   202.86399850
   5.32000000   203.88082107
   5.32500000   204.90274048
   5.33000000   205.92978228
   5.33500000   206.96197215
   5.34000000   207.99933589
   5.34500000   209.04189945
   5.35000000   210.08968887
   5.35500000   211.14273036
   5.36000000   212.20105024
   5.36500000   213.26467497
   5.37000000   214.33363114
   5.37500000   215.40794548
   5.38000000   216.48764484
   5.38500000   217.57275622
   5.39000000   218.66330674
   5.39500000   219.75932367
   5.40000000   220.86083441
   5.40500000   221.96786649
   5.41000000   223.08044759
   5.41500000   224.19860553
   5.42000000   225.32236826
   5.42500000   226.45176387
   5.43000000   227.58682060
   5.43500000   228.72756683
   5.44000000   229.87403107
   5.44500000   231.02624199
   5.45000000   232.18422838
   5.45500000   233.34801921
   5.46000000   234.51764357
   5.46500000   235.69313069
   5.47000000   236.87450997
   5.47500000   238.06181093
   5.48000000   239.25506327
   5.48500000   240.45429680
   5.49000000   241.65954152
   5.49500000   242.87082756
   5.50000000   244.08818519
   5.50500000   245.31164485
   5.51000000   246.54123713
   5.51500000   247.77699276
   5.52000000   249.01894265
   5.52500000   250.26711783
   5.53000000   251.52154952
   5.53500000   252.78226908
   5.54000000   254.04930802
   5.54500000   255.32269802
   5.55000000   256.60247091
   5.55500000   257.88865869
   5.56000000   259.18129351
   5.56500000   260.48040769
   5.57000000   261.78603371
   5.57500000   263.09820420
   5.58000000   264.41695198
   5.58500000   265.74231001
   5.59000000   267.07431143
   5.59500000   268.41298952
   5.60000000   269.75837777
   5.60500000   271.11050981
   5.61000000   272.46941944
   5.61500000   273.83514063
   5.62000000   275.20770753
   5.62500000   276.58715444
   5.63000000   277.97351586
   5.63500000   279.36682645
   5.64000000   280.76712104
   5.64500000   282.17443463
   5.65000000   283.58880241
   5.65500000   285.01025974
   5.66000000   286.43884215
   5.66500000   287.87458537
   5.67000000   289.31752527
   5.67500000   290.76769795
   5.68000000   292.22513964
   5.68500000   293.68988679
   5.69000000   295.16197601
   5.69500000   296.64144412
   5.70000000   298.12832808
   5.70500000   299.62266509
   5.71000000   301.12449249
   5.71500000   302.63384783
   5.72000000   304.15076885
   5.72500000   305.67529346
   5.73000000   307.20745979
   5.73500000   308.74730613
   5.74000000   310.29487098
   5.74500000   311.85019304
   5.75000000   313.41331118
   5.75500000   314.98426448
   5.76000000   316.56309222
   5.76500000   318.14983386
   5.77000000   319.74452908
   5.77500000   321.34721774
   5.78000000   322.95793992
   5.78500000   324.57673587
   5.79000000   326.20364607
   5.79500000   327.83871119
   5.80000000   329.48197211
   5.80500000   331.13346991
   5.81000000   332.79324588
   5.81500000   334.46134151
   5.82000000   336.13779850
   5.82500000   337.82265877
   5.83000000   339.51596443
   5.83500000   341.21775783
   5.84000000   342.92808150
   5.84500000   344.64697820
   5.85000000   346.37449091
   5.85500000   348.11066281
   5.86000000   349.85553731
   5.86500000   351.60915803
   5.87000000   353.37156881
   5.87500000   355.14281372
   5.88000000   356.92293702
   5.88500000   358.71198323
   5.89000000   360.50999707
   5.89500000   362.31702349
   5.90000000   364.13310767
   5.90500000   365.95829501
   5.91000000   367.79263114
   5.91500000   369.63616191
   5.92000000   371.48893343
   5.92500000   373.35099200
   5.93000000   375.22238417
   5.93500000   377.10315674
   5.94000000   378.99335672
   5.94500000   380.89303137
   5.95000000   382.80222818
   5.95500000   384.72099487
   5.96000000   386.64937943
   5.96500000   388.58743005
   5.97000000   390.53519519
   5.97500000   392.49272354
   5.98000000   394.46006405
   5.98500000   396.43726589
   5.99000000   398.42437849
   5.99500000   400.42145154
   6.00000000   402.42853496
   6.00500000   404.44567893
   6.01000000   406.47293388
   6.01500000   408.51035048
   6.02000000   410.55797967
   6.02500000   412.61587265
   6.03000000   414.68408086
   6.03500000   416.76265601
   6.04000000   418.85165006
   6.04500000   420.95111523
   6.05000000   423.06110402
   6.05500000   425.18166917
   6.06000000   427.31286369
   6.06500000   429.45474088
   6.07000000   431.60735427
   6.07500000   433.77075768
   6.08000000   435.94500519
   6.08500000   438.13015116
   6.09000000   440.32625022
   6.09500000   442.53335728
   6.10000000   444.75152751
   6.10500000   446.98081636
   6.11000000   449.22127956
   6.11500000   451.47297314
   6.12000000   453.73595338
   6.12500000   456.01027685
   6.13000000   458.29600042
   6.13500000   460.59318122
   6.14000000   462.90187669
   6.14500000   465.22214454
   6.15000000   467.55404279
   6.15500000   469.89762972
   6.16000000   472.25296393
   6.16500000   474.62010431
   6.17000000   476.99911002
   6.17500000   479.39004055
   6.18000000   481.79295567
   6.18500000   484.20791546
   6.19000000   486.63498027
   6.19500000   489.07421080
   6.20000000   491.52566803
   6.20500000   493.98941324
   6.21000000   496.46550801
   6.21500000   498.95401427
   6.22000000   501.45499422
   6.22500000   503.96851038
   6.23000000   506.49462559
   6.23500000   509.03340301
   6.24000000   511.58490610
   6.24500000   514.14919865
   6.25000000   516.72634478
   6.25500000   519.31640890
   6.26000000   521.91945578
   6.26500000   524.53555048
   6.27000000   527.16475841
   6.27500000   529.80714530
   6.28000000   532.46277720
   6.28500000   535.13172052
   6.29000000   537.81404198
   6.29500000   540.50980862
   6.30000000   543.21908785
   6.30500000   545.94194740
   6.31000000   548.67845535
   6.31500000   551.42868009
   6.32000000   554.19269039
   6.32500000   556.97055535
   6.33000000   559.76234442
   6.33500000   562.56812739
   6.34000000   565.38797441
   6.34500000   568.22195596
   6.35000000   571.07014291
   6.35500000   573.93260646
   6.36000000   576.80941816
   6.36500000   579.70064994
   6.37000000   582.60637408
   6.37500000   585.52666323
   6.38000000   588.46159038
   6.38500000   591.41122892
   6.39000000   594.37565259
   6.39500000   597.35493548
   6.40000000   600.34915210
   6.40500000   603.35837729
   6.41000000   606.38268628
   6.41500000   609.42215469
   6.42000000   612.47685849
   6.42500000   615.54687406
   6.43000000   618.63227815
   6.43500000   621.73314789
   6.44000000   624.84956080
   6.44500000   627.98159480
   6.45000000   631.12932819
   6.45500000   634.29283965
   6.46000000   637.47220828
   6.46500000   640.66751357
   6.47000000   643.87883538
   6.47500000   647.10625402
   6.48000000   650.34985016
   6.48500000   653.60970489
   6.49000000   656.88589971
   6.49500000   660.17851653
   6.50000000   663.48763765
   6.50500000   666.81334582
   6.51000000   670.15572416
   6.51500000   673.51485625
   6.52000000   676.89082606
   6.52500000   680.28371799
   6.53000000   683.69361685
   6.53500000   687.12060791
   6.54000000   690.56477683
   6.54500000   694.02620972
   6.55000000   697.50499312
   6.55500000   701.00121399
   6.56000000   704.51495974
   6.56500000   708.04631821
   6.57000000   711.59537769
   6.57500000   715.16222691
   6.58000000   718.74695503
   6.58500000   722.34965167
   6.59000000   725.97040691
   6.59500000   729.60931126
   6.60000000   733.26645570
   6.60500000   736.94193164
   6.61000000   740.63583099
   6.61500000   744.34824608
   6.62000000   748.07926973
   6.62500000   751.82899522
   6.63000000   755.59751628
   6.63500000   759.38492713
   6.64000000   763.19132246
   6.64500000   767.01679743
   6.65000000   770.86144767
   6.65500000   774.72536929
   6.66000000   778.60865891
   6.66500000   782.51141360
   6.67000000   786.43373092
   6.67500000   790.37570894
   6.68000000   794.33744621
   6.68500000   798.31904177
   6.69000000   802.32059516
   6.69500000   806.34220642
   6.70000000   810.38397610
   6.70500000   814.44600522
   6.71000000   818.52839535
   6.71500000   822.63124855
   6.72000000   826.75466738
   6.72500000   830.89875494
   6.73000000   835.06361482
   6.73500000   839.24935115
   6.74000000   843.45606857
   6.74500000   847.68387225
   6.75000000   851.93286789
   6.75500000   856.20316170
   6.76000000   860.49486045
   6.76500000   864.80807143
   6.77000000   869.14290247
   6.77500000   873.49946194
   6.78000000   877.87785875
   6.78500000   882.27820237
   6.79000000   886.70060281
   6.79500000   891.14517062
   6.80000000   895.61201691
   6.80500000   900.10125337
   6.81000000   904.61299222
   6.81500000   909.14734626
   6.82000000   913.70442884
   6.82500000   918.28435389
   6.83000000   922.88723591
   6.83500000   927.51318997
   6.84000000   932.16233172
   6.84500000   936.83477740
   6.85000000   941.53064380
   6.85500000   946.25004833
   6.86000000   950.99310898
   6.86500000   955.75994432
   6.87000000   960.55067352
   6.87500000   965.36541635
   6.88000000   970.20429318
   6.88500000   975.06742497
   6.89000000   979.95493332
   6.89500000   984.86694041
   6.90000000   989.80356903
   6.90500000   994.76494261
   6.91000000   999.75118518
   6.91500000  1004.76242139
   6.92000000  1009.79877653
   6.92500000  1014.86037650
   6.93000000  1019.94734785
   6.93500000  1025.05981775
   6.94000000  1030.19791401
   6.94500000  1035.36176508
   6.95000000  1040.55150007
   6.95500000  1045.76724871
   6.96000000  1051.00914140
   6.96500000  1056.27730918
   6.97000000  1061.57188377
   6.97500000  1066.89299752
   6.98000000  1072.24078347
   6.98500000  1077.61537530
   6.99000000  1083.01690739
   6.99500000  1088.44551477
   7.00000000  1093.90133316
   7.00500000  1099.38449895
   7.01000000  1104.89514923
   7.01500000  1110.43342175
   7.02000000  1115.99945499
   7.02500000  1121.59338807
   7.03000000  1127.21536087
   7.03500000  1132.86551392
   7.04000000  1138.54398848
   7.04500000  1144.25092651
   7.05000000  1149.98647069
   7.05500000  1155.75076441
   7.06000000  1161.54395176
   7.06500000  1167.36617759
   7.07000000  1173.21758745
   7.07500000  1179.09832762
   7.08000000  1185.00854513
   7.08500000  1190.94838772
   7.09000000  1196.91800390
   7.09500000  1202.91754290
   7.10000000  1208.94715472
   7.10500000  1215.00699009
   7.11000000  1221.09720051
   7.11500000  1227.21793824
   7.12000000  1233.36935630
   7.12500000  1239.55160847
   7.13000000  1245.76484930
   7.13500000  1252.00923414
   7.14000000  1258.28491908
   7.14500000  1264.59206102
   7.15000000  1270.93081765
   7.15500000  1277.30134743
   7.16000000  1283.70380962
   7.16500000  1290.13836428
   7.17000000  1296.60517228
   7.17500000  1303.10439530
   7.18000000  1309.63619580
   7.18500000  1316.20073709
   7.19000000  1322.79818329
   7.19500000  1329.42869931
   7.20000000  1336.09245094
   7.20500000  1342.78960476
   7.21000000  1349.52032821
   7.21500000  1356.28478955
   7.22000000  1363.08315789
   7.22500000  1369.91560319
   7.23000000  1376.78229627
   7.23500000  1383.68340879
   7.24000000  1390.61911328
   7.24500000  1397.58958313
   7.25000000  1404.59499261
   7.25500000  1411.63551685
   7.26000000  1418.71133187
   7.26500000  1425.82261456
   7.27000000  1432.96954270
   7.27500000  1440.15229496
   7.28000000  1447.37105092
   7.28500000  1454.62599105
   7.29000000  1461.91729671
   7.29500000  1469.24515020
   7.30000000  1476.60973470
   7.30500000  1484.01123434
   7.31000000  1491.44983415
   7.31500000  1498.92572009
   7.32000000  1506.43907907
   7.32500000  1513.99009892
   7.33000000  1521.57896842
   7.33500000  1529.20587728
   7.34000000  1536.87101618
   7.34500000  1544.57457674
   7.35000000  1552.31675157
   7.35500000  1560.09773421
   7.36000000  1567.91771919
   7.36500000  1575.77690200
   7.37000000  1583.67547913
   7.37500000  1591.61364805
   7.38000000  1599.59160720
   7.38500000  1607.60955604
   7.39000000  1615.66769502
   7.39500000  1623.76622558
   7.40000000  1631.90535020
   7.40500000  1640.08527235
   7.41000000  1648.30619653
   7.41500000  1656.56832826
   7.42000000  1664.87187411
   7.42500000  1673.21704164
   7.43000000  1681.60403951
   7.43500000  1690.03307738
   7.44000000  1698.50436597
   7.44500000  1707.01811708
   7.45000000  1715.57454354
   7.45500000  1724.17385926
   7.46000000  1732.81627924
   7.46500000  1741.50201953
   7.47000000  1750.23129727
   7.47500000  1759.00433070
   7.48000000  1767.82133914
   7.48500000  1776.68254302
   7.49000000  1785.58816387
   7.49500000  1794.53842433
   7.50000000  1803.53354815
   7.50500000  1812.57376022
   7.51000000  1821.65928655
   7.51500000  1830.79035426
   7.52000000  1839.96719164
   7.52500000  1849.19002811
   7.53000000  1858.45909424
   7.53500000  1867.77462176
   7.54000000  1877.13684356
   7.54500000  1886.54599368
   7.55000000  1896.00230737
   7.55500000  1905.50602103
   7.56000000  1915.05737225
   7.56500000  1924.65659981
   7.57000000  1934.30394371
   7.57500000  1943.99964512
   7.58000000  1953.74394643
   7.58500000  1963.53709126
   7.59000000  1973.37932443
   7.59500000  1983.27089199
   7.60000000  1993.21204125
   7.60500000  2003.20302073
   7.61000000  2013.24408020
   7.61500000  2023.33547068
   7.62000000  2033.47744448
   7.62500000  2043.67025513
   7.63000000  2053.91415745
   7.63500000  2064.20940755
   7.64000000  2074.55626281
   7.64500000  2084.95498189
   7.65000000  2095.40582477
   7.65500000  2105.90905272
   7.66000000  2116.46492831
   7.66500000  2127.07371545
   7.67000000  2137.73567936
   7.67500000  2148.45108659
   7.68000000  2159.22020502
   7.68500000  2170.04330388
   7.69000000  2180.92065375
   7.69500000  2191.85252656
   7.70000000  2202.83919561
   7.70500000  2213.88093557
   7.71000000  2224.97802248
   7.71500000  2236.13073377
   7.72000000  2247.33934826
   7.72500000  2258.60414616
   7.73000000  2269.92540910
   7.73500000  2281.30342010
   7.74000000  2292.73846363
   7.74500000  2304.23082554
   7.75000000  2315.78079316
   7.75500000  2327.38865523
   7.76000000  2339.05470196
   7.76500000  2350.77922498
   7.77000000  2362.56251743
   7.77500000  2374.40487387
   7.78000000  2386.30659037
   7.78500000  2398.26796447
   7.79000000  2410.28929521
   7.79500000  2422.37088312
   7.80000000  2434.51303024
   7.80500000  2446.71604013
   7.81000000  2458.98021786
   7.81500000  2471.30587004
   7.82000000  2483.69330480
   7.82500000  2496.14283184
   7.83000000  2508.65476240
   7.83500000  2521.22940927
   7.84000000  2533.86708681
   7.84500000  2546.56811098
   7.85000000  2559.33279930
   7.85500000  2572.16147088
   7.86000000  2585.05444645
   7.86500000  2598.01204833
   7.87000000  2611.03460046
   7.87500000  2624.12242840
   7.88000000  2637.27585935
   7.88500000  2650.49522215
   7.89000000  2663.78084728
   7.89500000  2677.13306688
   7.90000000  2690.55221476
   7.90500000  2704.03862640
   7.91000000  2717.59263896
   7.91500000  2731.21459130
   7.92000000  2744.90482395
   7.92500000  2758.66367918
   7.93000000  2772.49150095
   7.93500000  2786.38863498
   7.94000000  2800.35542867
   7.94500000  2814.39223122
   7.95000000  2828.49939352
   7.95500000  2842.67726827
   7.96000000  2856.92620992
   7.96500000  2871.24657468
   7.97000000  2885.63872057
   7.97500000  2900.10300739
   7.98000000  2914.63979675
   7.98500000  2929.24945207
   7.99000000  2943.93233860
   7.99500000  2958.68882339
   8.00000000  2973.51927538
   8.00500000  2988.42406531
   8.01000000  3003.40356582
   8.01500000  3018.45815138
   8.02000000  3033.58819837
   8.02500000  3048.79408504
   8.03000000  3064.07619153
   8.03500000  3079.43489989
   8.04000000  3094.87059411
   8.04500000  3110.38366006
   8.05000000  3125.97448558
   8.05500000  3141.64346043
   8.06000000  3157.39097635
   8.06500000  3173.21742702
   8.07000000  3189.12320811
   8.07500000  3205.10871725
   8.08000000  3221.17435410
   8.08500000  3237.32052028
   8.09000000  3253.54761946
   8.09500000  3269.85605731
   8.10000000  3286.24624155
   8.10500000  3302.71858192
   8.11000000  3319.27349025
   8.11500000  3335.91138040
   8.12000000  3352.63266832
   8.12500000  3369.43777204
   8.13000000  3386.32711170
   8.13500000  3403.30110953
   8.14000000  3420.36018987
   8.14500000  3437.50477921
   8.15000000  3454.73530616
   8.15500000  3472.05220149
   8.16000000  3489.45589812
   8.16500000  3506.94683114
   8.17000000  3524.52543782
   8.17500000  3542.19215764
   8.18000000  3559.94743226
   8.18500000  3577.79170556
   8.19000000  3595.72542366
   8.19500000  3613.74903489
   8.20000000  3631.86298985
   8.20500000  3650.06774139
   8.21000000  3668.36374462
   8.21500000  3686.75145695
   8.22000000  3705.23133808
   8.22500000  3723.80384999
   8.23000000  3742.46945701
   8.23500000  3761.22862577
   8.24000000  3780.08182525
   8.24500000  3799.02952679
   8.25000000  3818.07220408
   8.25500000  3837.21033319
   8.26000000  3856.44439257
   8.26500000  3875.77486307
   8.27000000  3895.20222796
   8.27500000  3914.72697292
   8.28000000  3934.34958607
   8.28500000  3954.07055798
   8.29000000  3973.89038167
   8.29500000  3993.80955265
   8.30000000  4013.82856888
   8.30500000  4033.94793085
   8.31000000  4054.16814154
   8.31500000  4074.48970646
   8.32000000  4094.91313365
   8.32500000  4115.43893369
   8.33000000  4136.06761973
   8.33500000  4156.79970749
   8.34000000  4177.63571527
   8.34500000  4198.57616398
   8.35000000  4219.62157712
   8.35500000  4240.77248084
   8.36000000  4262.02940390
   8.36500000  4283.39287773
   8.37000000  4304.86343642
   8.37500000  4326.44161674
   8.38000000  4348.12795813
   8.38500000  4369.92300276
   8.39000000  4391.82729551
   8.39500000  4413.84138398
   8.40000000  4435.96581853
   8.40500000  4458.20115227
   8.41000000  4480.54794108
   8.41500000  4503.00674364
   8.42000000  4525.57812141
   8.42500000  4548.26263869
   8.43000000  4571.06086258
   8.43500000  4593.97336304
   8.44000000  4617.00071289
   8.44500000  4640.14348782
   8.45000000  4663.40226638
   8.45500000  4686.77763006
   8.46000000  4710.27016324
   8.46500000  4733.88045322
   8.47000000  4757.60909028
   8.47500000  4781.45666763
   8.48000000  4805.42378146
   8.48500000  4829.51103094
   8.49000000  4853.71901827
   8.49500000  4878.04834863
   8.50000000  4902.49963027
   8.50500000  4927.07347448
   8.51000000  4951.77049558
   8.51500000  4976.59131103
   8.52000000  5001.53654132
   8.52500000  5026.60681011
   8.53000000  5051.80274414
   8.53500000  5077.12497331
   8.54000000  5102.57413069
   8.54500000  5128.15085249
   8.55000000  5153.85577815
   8.55500000  5179.68955029
   8.56000000  5205.65281475
   8.56500000  5231.74622061
   8.57000000  5257.97042021
   8.57500000  5284.32606916
   8.58000000  5310.81382635
   8.58500000  5337.43435398
   8.59000000  5364.18831756
   8.59500000  5391.07638594
   8.60000000  5418.09923132
   8.60500000  5445.25752927
   8.61000000  5472.55195876
   8.61500000  5499.98320215
   8.62000000  5527.55194522
   8.62500000  5555.25887719
   8.63000000  5583.10469073
   8.63500000  5611.09008200
   8.64000000  5639.21575062
   8.64500000  5667.48239974
   8.65000000  5695.89073603
   8.65500000  5724.44146970
   8.66000000  5753.13531452
   8.66500000  5781.97298783
   8.67000000  5810.95521058
   8.67500000  5840.08270733
   8.68000000  5869.35620626
   8.68500000  5898.77643922
   8.69000000  5928.34414171
   8.69500000  5958.06005292
   8.70000000  5987.92491576
   8.70500000  6017.93947684
   8.71000000  6048.10448654
   8.71500000  6078.42069898
   8.72000000  6108.88887207
   8.72500000  6139.50976751
   8.73000000  6170.28415083
   8.73500000  6201.21279139
   8.74000000  6232.29646240
   8.74500000  6263.53594096
   8.75000000  6294.93200806
   8.75500000  6326.48544860
   8.76000000  6358.19705142
   8.76500000  6390.06760931
   8.77000000  6422.09791903
   8.77500000  6454.28878136
   8.78000000  6486.64100105
   8.78500000  6519.15538691
   8.79000000  6551.83275182
   8.79500000  6584.67391270
   8.80000000  6617.67969058
   8.80500000  6650.85091061
   8.81000000  6684.18840207
   8.81500000  6717.69299841
   8.82000000  6751.36553723
   8.82500000  6785.20686036
   8.83000000  6819.21781382
   8.83500000  6853.39924790
   8.84000000  6887.75201713
   8.84500000  6922.27698033
   8.85000000  6956.97500063
   8.85500000  6991.84694548
   8.86000000  7026.89368668
   8.86500000  7062.11610040
   8.87000000  7097.51506721
   8.87500000  7133.09147208
   8.88000000  7168.84620441
   8.88500000  7204.78015809
   8.89000000  7240.89423146
   8.89500000  7277.18932738
   8.90000000  7313.66635322
   8.90500000  7350.32622092
   8.91000000  7387.16984697
   8.91500000  7424.19815246
   8.92000000  7461.41206310
   8.92500000  7498.81250925
   8.93000000  7536.40042592
   8.93500000  7574.17675280
   8.94000000  7612.14243431
   8.94500000  7650.29841959
   8.95000000  7688.64566254
   8.95500000  7727.18512184
   8.96000000  7765.91776099
   8.96500000  7804.84454830
   8.97000000  7843.96645695
   8.97500000  7883.28446497
   8.98000000  7922.79955534
   8.98500000  7962.51271591
   8.99000000  8002.42493954
   8.99500000  8042.53722401
   9.00000000  8082.85057215
   9.00500000  8123.36599179
   9.01000000  8164.08449581
   9.01500000  8205.00710219
   9.02000000  8246.13483398
   9.02500000  8287.46871939
   9.03000000  8329.00979176
   9.03500000  8370.75908962
   9.04000000  8412.71765671
   9.04500000  8454.88654199
   9.05000000  8497.26679968
   9.05500000  8539.85948931
   9.06000000  8582.66567567
   9.06500000  8625.68642894
   9.07000000  8668.92282464
   9.07500000  8712.37594367
   9.08000000  8756.04687236
   9.08500000  8799.93670249
   9.09000000  8844.04653132
   9.09500000  8888.37746158
   9.10000000  8932.93060155
   9.10500000  8977.70706507
   9.11000000  9022.70797155
   9.11500000  9067.93444600
   9.12000000  9113.38761911
   9.12500000  9159.06862719
   9.13000000  9204.97861228
   9.13500000  9251.11872212
   9.14000000  9297.49011023
   9.14500000  9344.09393589
   9.15000000  9390.93136420
   9.15500000  9438.00356609
   9.16000000  9485.31171838
   9.16500000  9532.85700377
   9.17000000  9580.64061089
   9.17500000  9628.66373434
   9.18000000  9676.92757470
   9.18500000  9725.43333856
   9.19000000  9774.18223858
   9.19500000  9823.17549348
   9.20000000  9872.41432809
   9.20500000  9921.89997338
   9.21000000  9971.63366650
   9.21500000  10021.61665080
   9.22000000  10071.85017585
   9.22500000  10122.33549749
   9.23000000  10173.07387786
   9.23500000  10224.06658542
   9.24000000  10275.31489498
   9.24500000  10326.82008777
   9.25000000  10378.58345142
   9.25500000  10430.60628000
   9.26000000  10482.88987410
   9.26500000  10535.43554080
   9.27000000  10588.24459375
   9.27500000  10641.31835318
   9.28000000  10694.65814594
   9.28500000  10748.26530552
   9.29000000  10802.14117211
   9.29500000  10856.28709260
   9.30000000  10910.70442065
   9.30500000  10965.39451669
   9.31000000  11020.35874798
   9.31500000  11075.59848863
   9.32000000  11131.11511962
   9.32500000  11186.91002889
   9.33000000  11242.98461130
   9.33500000  11299.34026873
   9.34000000  11355.97841007
   9.34500000  11412.90045127
   9.35000000  11470.10781539
   9.35500000  11527.60193261
   9.36000000  11585.38424030
   9.36500000  11643.45618301
   9.37000000  11701.81921255
   9.37500000  11760.47478798
   9.38000000  11819.42437572
   9.38500000  11878.66944949
   9.39000000  11938.21149043
   9.39500000  11998.05198709
   9.40000000  12058.19243549
   9.40500000  12118.63433914
   9.41000000  12179.37920909
   9.41500000  12240.42856397
   9.42000000  12301.78393002
   9.42500000  12363.44684112
   9.43000000  12425.41883884
   9.43500000  12487.70147250
   9.44000000  12550.29629916
   9.44500000  12613.20488369
   9.45000000  12676.42879882
   9.45500000  12739.96962514
   9.46000000  12803.82895117
   9.46500000  12868.00837341
   9.47000000  12932.50949634
   9.47500000  12997.33393250
   9.48000000  13062.48330250
   9.48500000  13127.95923507
   9.49000000  13193.76336712
   9.49500000  13259.89734375
   9.50000000  13326.36281832
   9.50500000  13393.16145247
   9.51000000  13460.29491616
   9.51500000  13527.76488775
   9.52000000  13595.57305397
   9.52500000  13663.72111004
   9.53000000  13732.21075966
   9.53500000  13801.04371508
   9.54000000  13870.22169713
   9.54500000  13939.74643525
   9.55000000  14009.61966757
   9.55500000  14079.84314093
   9.56000000  14150.41861091
   9.56500000  14221.34784191
   9.57000000  14292.63260716
   9.57500000  14364.27468878
   9.58000000  14436.27587783
   9.58500000  14508.63797434
   9.59000000  14581.36278737
   9.59500000  14654.45213504
   9.60000000  14727.90784459
   9.60500000  14801.73175242
   9.61000000  14875.92570412
   9.61500000  14950.49155456
   9.62000000  15025.43116788
   9.62500000  15100.74641757
   9.63000000  15176.43918652
   9.63500000  15252.51136706
   9.64000000  15328.96486098
   9.64500000  15405.80157965
   9.65000000  15483.02344396
   9.65500000  15560.63238448
   9.66000000  15638.63034144
   9.66500000  15717.01926478
   9.67000000  15795.80111423
   9.67500000  15874.97785935
   9.68000000  15954.55147955
   9.68500000  16034.52396419
   9.69000000  16114.89731257
   9.69500000  16195.67353404
   9.70000000  16276.85464800
   9.70500000  16358.44268399
   9.71000000  16440.43968171
   9.71500000  16522.84769110
   9.72000000  16605.66877235
   9.72500000  16688.90499599
   9.73000000  16772.55844295
   9.73500000  16856.63120455
   9.74000000  16941.12538262
   9.74500000  17026.04308953
   9.75000000  17111.38644821
   9.75500000  17197.15759226
   9.76000000  17283.35866595
   9.76500000  17369.99182433
   9.77000000  17457.05923321
   9.77500000  17544.56306931
   9.78000000  17632.50552020
   9.78500000  17720.88878447
   9.79000000  17809.71507169
   9.79500000  17898.98660253
   9.80000000  17988.70560877
   9.80500000  18078.87433341
   9.81000000  18169.49503067
   9.81500000  18260.56996605
   9.82000000  18352.10141645
   9.82500000  18444.09167016
   9.83000000  18536.54302693
   9.83500000  18629.45779806
   9.84000000  18722.83830641
   9.84500000  18816.68688651
   9.85000000  18911.00588457
   9.85500000  19005.79765858
   9.86000000  19101.06457834
   9.86500000  19196.80902552
   9.87000000  19293.03339373
   9.87500000  19389.74008860
   9.88000000  19486.93152779
   9.88500000  19584.61014111
   9.89000000  19682.77837050
   9.89500000  19781.43867020
   9.90000000  19880.59350670
   9.90500000  19980.24535889
   9.91000000  20080.39671807
   9.91500000  20181.05008803
   9.92000000  20282.20798510
   9.92500000  20383.87293824
   9.93000000  20486.04748908
   9.93500000  20588.73419199
   9.94000000  20691.93561414
   9.94500000  20795.65433557
   9.95000000  20899.89294925
   9.95500000  21004.65406116
   9.96000000  21109.94029033
   9.96500000  21215.75426891
   9.97000000  21322.09864228
   9.97500000  21428.97606903
   9.98000000  21536.38922111
   9.98500000  21644.34078386
   9.99000000  21752.83345607
   9.99500000  21861.86995006
