   0.00000000    1.00000000
   0.00500000    1.00501252
   0.01000000    1.01005017
   0.01500000    1.01511306
   0.02000000    1.02020134
   0.02500000    1.02531512
   0.03000000    1.03045453
   0.03500000    1.03561971
   0.04000000    1.04081077
   0.04500000    1.04602786
   0.05000000    1.05127110
   0.05500000    1.05654061
   0.06000000    1.06183655
   0.06500000    1.06715902
   0.07000000    1.07250818
   0.07500000    1.07788415
   0.08000000    1.08328707
   0.08500000    1.08871707
   0.09000000    1.09417428
   0.09500000    1.09965886
   0.10000000    1.10517092
   0.10500000    1.11071061
   0.11000000    1.11627807
   0.11500000    1.12187344
   0.12000000    1.12749685
   0.12500000    1.13314845
   0.13000000    1.13882838
   0.13500000    1.14453678
   0.14000000    1.15027380
   0.14500000    1.15603957
   0.15000000    1.16183424
   0.15500000    1.16765796
   0.16000000    1.17351087
   0.16500000    1.17939312
   0.17000000    1.18530485
   0.17500000    1.19124622
   0.18000000    1.19721736
   0.18500000    1.20321844
   0.19000000    1.20924960
   0.19500000    1.21531099
   0.20000000    1.22140276
   0.20500000    1.22752506
   0.21000000    1.23367806
   0.21500000    1.23986190
   0.22000000    1.24607673
   0.22500000    1.25232272
   0.23000000    1.25860001
   0.23500000    1.26490877
   0.24000000    1.27124915
   0.24500000    1.27762131
   0.25000000    1.28402542
   0.25500000    1.29046162
   0.26000000    1.29693009
   0.26500000    1.30343098
   0.27000000    1.30996445
   0.27500000    1.31653067
   0.28000000    1.32312981
   0.28500000    1.32976203
   0.29000000    1.33642749
   0.29500000    1.34312636
   0.30000000    1.34985881
   0.30500000    1.35662500
   0.31000000    1.36342511
   0.31500000    1.37025931
   0.32000000    1.37712776
   0.32500000    1.38403065
   0.33000000    1.39096813
   0.33500000    1.39794039
   0.34000000    1.40494759
   0.34500000    1.41198992
   0.35000000    1.41906755
   0.35500000    1.42618065
   0.36000000    1.43332941
   0.36500000    1.44051401
   0.37000000    1.44773461
   0.37500000    1.45499141
   0.38000000    1.46228459
   0.38500000    1.46961432
   0.39000000    1.47698079
   0.39500000    1.48438419
   0.40000000    1.49182470
   0.40500000    1.49930250
   0.41000000    1.50681779
   0.41500000    1.51437074
   0.42000000    1.52196156
   0.42500000    1.52959042
   0.43000000    1.53725752
   0.43500000    1.54496306
   0.44000000    1.55270722
   0.44500000    1.56049020
   0.45000000    1.56831219
   0.45500000    1.57617338
   0.46000000    1.58407398
   0.46500000    1.59201419
   0.47000000    1.59999419
   0.47500000    1.60801420
   0.48000000    1.61607440
   0.48500000    1.62417501
   0.49000000    1.63231622
   0.49500000    1.64049824
   0.50000000    1.64872127
   0.50500000    1.65698552
   0.51000000    1.66529119
   0.51500000    1.67363850
   0.52000000    1.68202765
   0.52500000    1.69045885
   0.53000000    1.69893231
   0.53500000    1.70744824
   0.54000000    1.71600686
   0.54500000    1.72460838
   0.55000000    1.73325302
   0.55500000    1.74194098
   0.56000000    1.75067250
   0.56500000    1.75944778
   0.57000000    1.76826705
   0.57500000    1.77713053
   0.58000000    1.78603843
   0.58500000    1.79499099
   0.59000000    1.80398842
   0.59500000    1.81303094
   0.60000000    1.82211880
   0.60500000    1.83125221
   0.61000000    1.84043140
   0.61500000    1.84965660
   0.62000000    1.85892804
   0.62500000    1.86824596
   0.63000000    1.87761058
   0.63500000    1.88702214
   0.64000000    1.89648088
   0.64500000    1.90598703
   0.65000000    1.91554083
   0.65500000    1.92514252
   0.66000000    1.93479233
   0.66500000    1.94449052
   0.67000000    1.95423732
   0.67500000    1.96403298
   0.68000000    1.97387773
   0.68500000    1.98377184
   0.69000000    1.99371553
   0.69500000    2.00370907
   0.70000000    2.01375271
   0.70500000    2.02384668
   0.71000000    2.03399126
   0.71500000    2.04418668
   0.72000000    2.05443321
   0.72500000    2.06473110
   0.73000000    2.07508061
   0.73500000    2.08548199
   0.74000000    2.09593551
   0.74500000    2.10644143
   0.75000000    2.11700002
   0.75500000    2.12761152
   0.76000000    2.13827622
   0.76500000    2.14899437
   0.77000000    2.15976625
   0.77500000    2.17059213
   0.78000000    2.18147227
   0.78500000    2.19240694
   0.79000000    2.20339643
   0.79500000    2.21444100
   0.80000000    2.22554093
   0.80500000    2.23669650
   0.81000000    2.24790799
   0.81500000    2.25917567
   0.82000000    2.27049984
   0.82500000    2.28188077
   0.83000000    2.29331874
   0.83500000    2.30481405
   0.84000000    2.31636698
   0.84500000    2.32797781
   0.85000000    2.33964685
   0.85500000    2.35137438
   0.86000000    2.36316069
   0.86500000    2.37500609
   0.87000000    2.38691085
   0.87500000    2.39887529
   0.88000000    2.41089971
   0.88500000    2.42298439
   0.89000000    2.43512965
   0.89500000    2.44733579
   0.90000000    2.45960311
   0.90500000    2.47193192
   0.91000000    2.48432253
   0.91500000    2.49677525
   0.92000000    2.50929039
   0.92500000    2.52186826
   0.93000000    2.53450918
   0.93500000    2.54721346
   0.94000000    2.55998142
   0.94500000    2.57281338
   0.95000000    2.58570966
   0.95500000    2.59867058
   0.96000000    2.61169647
   0.96500000    2.62478766
   0.97000000    2.63794446
   0.97500000    2.65116721
   0.98000000    2.66445624
   0.98500000    2.67781188
   0.99000000    2.69123447
   0.99500000    2.70472434
   1.00000000    2.71828183
   1.00500000    2.73190727
   1.01000000    2.74560102
   1.01500000    2.75936340
   1.02000000    2.77319476
   1.02500000    2.78709546
   1.03000000    2.80106583
   1.03500000    2.81510624
   1.04000000    2.82921701
   1.04500000    2.84339852
   1.05000000    2.85765112
   1.05500000    2.87197515
   1.06000000    2.88637099
   1.06500000    2.90083898
   1.07000000    2.91537950
   1.07500000    2.92999290
   1.08000000    2.94467955
   1.08500000    2.95943982
   1.09000000    2.97427407
   1.09500000    2.98918268
   1.10000000    3.00416602
   1.10500000    3.01922447
   1.11000000    3.03435839
   1.11500000    3.04956818
   1.12000000    3.06485420
   1.12500000    3.08021685
   1.13000000    3.09565650
   1.13500000    3.11117354
   1.14000000    3.12676837
   1.14500000    3.14244136
   1.15000000    3.15819291
   1.15500000    3.17402342
   1.16000000    3.18993328
   1.16500000    3.20592288
   1.17000000    3.22199264
   1.17500000    3.23814294
   1.18000000    3.25437420
   1.18500000    3.27068682
   1.19000000    3.28708121
   1.19500000    3.30355777
   1.20000000    3.32011692
   1.20500000    3.33675908
   1.21000000    3.35348465
   1.21500000    3.37029406
   1.22000000    3.38718773
   1.22500000    3.40416608
   1.23000000    3.42122954
   1.23500000    3.43837852
   1.24000000    3.45561346
   1.24500000    3.47293480
   1.25000000    3.49034296
   1.25500000    3.50783837
   1.26000000    3.52542149
   1.26500000    3.54309274
   1.27000000    3.56085256
   1.27500000    3.57870141
   1.28000000    3.59663973
   1.28500000    3.61466796
   1.29000000    3.63278656
   1.29500000    3.65099597
   1.30000000    3.66929667
   1.30500000    3.68768909
   1.31000000    3.70617371
   1.31500000    3.72475099
   1.32000000    3.74342138
   1.32500000    3.76218535
   1.33000000    3.78104339
   1.33500000    3.79999595
   1.34000000    3.81904351
   1.34500000    3.83818654
   1.35000000    3.85742553
   1.35500000    3.87676096
   1.36000000    3.89619330
   1.36500000    3.91572305
   1.37000000    3.93535070
   1.37500000    3.95507672
   1.38000000    3.97490163
   1.38500000    3.99482590
   1.39000000    4.01485005
   1.39500000    4.03497457
   1.40000000    4.05519997
   1.40500000    4.07552674
   1.41000000    4.09595540
   1.41500000    4.11648647
   1.42000000    4.13712044
   1.42500000    4.15785784
   1.43000000    4.17869919
   1.43500000    4.19964501
   1.44000000    4.22069582
   1.44500000    4.24185214
   1.45000000    4.26311452
   1.45500000    4.28448347
   1.46000000    4.30595953
   1.46500000    4.32754324
   1.47000000    4.34923514
   1.47500000    4.37103577
   1.48000000    4.39294568
   1.48500000    4.41496541
   1.49000000    4.43709552
   1.49500000    4.45933655
   1.50000000    4.48168907
   1.50500000    4.50415363
   1.51000000    4.52673079
   1.51500000    4.54942113
   1.52000000    4.57222520
   1.52500000    4.59514357
   1.53000000    4.61817682
   1.53500000    4.64132553
   1.54000000    4.66459027
   1.54500000    4.68797163
   1.55000000    4.71147018
   1.55500000    4.73508653
   1.56000000    4.75882125
   1.56500000    4.78267494
   1.57000000    4.80664819
   1.57500000    4.83074162
   1.58000000    4.85495581
   1.58500000    4.87929138
   1.59000000    4.90374893
   1.59500000    4.92832907
   1.60000000    4.95303242
   1.60500000    4.97785960
   1.61000000    5.00281123
   1.61500000    5.02788792
   1.62000000    5.05309032
   1.62500000    5.07841904
   1.63000000    5.10387472
   1.63500000    5.12945800
   1.64000000    5.15516951
   1.64500000    5.18100991
   1.65000000    5.20697983
   1.65500000    5.23307992
   1.66000000    5.25931084
   1.66500000    5.28567325
   1.67000000    5.31216780
   1.67500000    5.33879515
   1.68000000    5.36555597
   1.68500000    5.39245093
   1.69000000    5.41948071
   1.69500000    5.44664597
   1.70000000    5.47394739
   1.70500000    5.50138567
   1.71000000    5.52896148
   1.71500000    5.55667551
   1.72000000    5.58452846
   1.72500000    5.61252103
   1.73000000    5.64065391
   1.73500000    5.66892780
   1.74000000    5.69734342
   1.74500000    5.72590148
   1.75000000    5.75460268
   1.75500000    5.78344774
   1.76000000    5.81243739
   1.76500000    5.84157236
   1.77000000    5.87085336
   1.77500000    5.90028114
   1.78000000    5.92985642
   1.78500000    5.95957995
   1.79000000    5.98945247
   1.79500000    6.01947472
   1.80000000    6.04964746
   1.80500000    6.07997145
   1.81000000    6.11044743
   1.81500000    6.14107618
   1.82000000    6.17185845
   1.82500000    6.20279502
   1.83000000    6.23388666
   1.83500000    6.26513415
   1.84000000    6.29653826
   1.84500000    6.32809979
   1.85000000    6.35981952
   1.85500000    6.39169825
   1.86000000    6.42373677
   1.86500000    6.45593589
   1.87000000    6.48829640
   1.87500000    6.52081912
   1.88000000    6.55350486
   1.88500000    6.58635444
   1.89000000    6.61936868
   1.89500000    6.65254840
   1.90000000    6.68589444
   1.90500000    6.71940763
   1.91000000    6.75308880
   1.91500000    6.78693880
   1.92000000    6.82095847
   1.92500000    6.85514867
   1.93000000    6.88951024
   1.93500000    6.92404406
   1.94000000    6.95875097
   1.94500000    6.99363186
   1.95000000    7.02868758
   1.95500000    7.06391902
   1.96000000    7.09932707
   1.96500000    7.13491259
   1.97000000    7.17067649
   1.97500000    7.20661965
   1.98000000    7.24274299
   1.98500000    7.27904739
   1.99000000    7.31553376
   1.99500000    7.35220303
   2.00000000    7.38905610
   2.00500000    7.42609390
   2.01000000    7.46331735
   2.01500000    7.50072738
   2.02000000    7.53832493
   2.02500000    7.57611094
   2.03000000    7.61408636
   2.03500000    7.65225213
   2.04000000    7.69060920
   2.04500000    7.72915854
   2.05000000    7.76790111
   2.05500000    7.80683787
   2.06000000    7.84596981
   2.06500000    7.88529790
   2.07000000    7.92482312
   2.07500000    7.96454646
   2.08000000    8.00446891
   2.08500000    8.04459148
   2.09000000    8.08491516
   2.09500000    8.12544097
   2.10000000    8.16616991
   2.10500000    8.20710301
   2.11000000    8.24824128
   2.11500000    8.28958577
   2.12000000    8.33113749
   2.12500000    8.37289749
   2.13000000    8.41486681
   2.13500000    8.45704651
   2.14000000    8.49943763
   2.14500000    8.54204124
   2.15000000    8.58485840
   2.15500000    8.62789018
   2.16000000    8.67113766
   2.16500000    8.71460192
   2.17000000    8.75828404
   2.17500000    8.80218512
   2.18000000    8.84630626
   2.18500000    8.89064855
   2.19000000    8.93521311
   2.19500000    8.98000106
   2.20000000    9.02501350
   2.20500000    9.07025157
   2.21000000    9.11571639
   2.21500000    9.16140911
   2.22000000    9.20733087
   2.22500000    9.25348280
   2.23000000    9.29986608
   2.23500000    9.34648185
   2.24000000    9.39333129
   2.24500000    9.44041556
   2.25000000    9.48773584
   2.25500000    9.53529331
   2.26000000    9.58308917
   2.26500000    9.63112460
   2.27000000    9.67940081
   2.27500000    9.72791901
   2.28000000    9.77668041
   2.28500000    9.82568622
   2.29000000    9.87493768
   2.29500000    9.92443601
   2.30000000    9.97418245
   2.30500000   10.02417825
   2.31000000   10.07442466
   2.31500000   10.12492292
   2.32000000   10.17567431
   2.32500000   10.22668009
   2.33000000   10.27794153
   2.33500000   10.32945993
   2.34000000   10.38123656
   2.34500000   10.43327273
   2.35000000   10.48556972
   2.35500000   10.53812886
   2.36000000   10.59095145
   2.36500000   10.64403882
   2.37000000   10.69739228
   2.37500000   10.75101319
   2.38000000   10.80490286
   2.38500000   10.85906266
   2.39000000   10.91349394
   2.39500000   10.96819806
   2.40000000   11.02317638
   2.40500000   11.07843028
   2.41000000   11.13396115
   2.41500000   11.18977036
   2.42000000   11.24585931
   2.42500000   11.30222942
   2.43000000   11.35888208
   2.43500000   11.41581871
   2.44000000   11.47304074
   2.44500000   11.53054960
   2.45000000   11.58834672
   2.45500000   11.64643355
   2.46000000   11.70481154
   2.46500000   11.76348215
   2.47000000   11.82244685
   2.47500000   11.88170711
   2.48000000   11.94126442
   2.48500000   12.00112025
   2.49000000   12.06127612
   2.49500000   12.12173352
   2.50000000   12.18249396
   2.50500000   12.24355897
   2.51000000   12.30493006
   2.51500000   12.36660878
   2.52000000   12.42859666
   2.52500000   12.49089526
   2.53000000   12.55350614
   2.53500000   12.61643085
   2.54000000   12.67967097
   2.54500000   12.74322809
   2.55000000   12.80710378
   2.55500000   12.87129966
   2.56000000   12.93581732
   2.56500000   13.00065837
   2.57000000   13.06582444
   2.57500000   13.13131716
   2.58000000   13.19713816
   2.58500000   13.26328909
   2.59000000   13.32977160
   2.59500000   13.39658736
   2.60000000   13.46373804
   2.60500000   13.53122530
   2.61000000   13.59905085
   2.61500000   13.66721638
   2.62000000   13.73572359
   2.62500000   13.80457419
   2.63000000   13.87376990
   2.63500000   13.94331246
   2.64000000   14.01320361
   2.64500000   14.08344508
   2.65000000   14.15403865
   2.65500000   14.22498606
   2.66000000   14.29628910
   2.66500000   14.36794955
   2.67000000   14.43996919
   2.67500000   14.51234984
   2.68000000   14.58509330
   2.68500000   14.65820138
   2.69000000   14.73167592
   2.69500000   14.80551875
   2.70000000   14.87973172
   2.70500000   14.95431669
   2.71000000   15.02927551
   2.71500000   15.10461007
   2.72000000   15.18032224
   2.72500000   15.25641393
   2.73000000   15.33288702
   2.73500000   15.40974344
   2.74000000   15.48698510
   2.74500000   15.56461393
   2.75000000   15.64263188
   2.75500000   15.72104090
   2.76000000   15.79984295
   2.76500000   15.87903999
   2.77000000   15.95863401
   2.77500000   16.03862700
   2.78000000   16.11902095
   2.78500000   16.19981788
   2.79000000   16.28101980
   2.79500000   16.36262875
   2.80000000   16.44464677
   2.80500000   16.52707591
   2.81000000   16.60991822
   2.81500000   16.69317578
   2.82000000   16.77685067
   2.82500000   16.86094499
   2.83000000   16.94546082
   2.83500000   17.03040030
   2.84000000   17.11576554
   2.84500000   17.20155867
   2.85000000   17.28778184
   2.85500000   17.37443721
   2.86000000   17.46152694
   2.86500000   17.54905320
   2.87000000   17.63701820
   2.87500000   17.72542412
   2.88000000   17.81427318
   2.88500000   17.90356760
   2.89000000   17.99330960
   2.89500000   18.08350144
   2.90000000   18.17414537
   2.90500000   18.26524365
   2.91000000   18.35679857
   2.91500000   18.44881240
   2.92000000   18.54128746
   2.92500000   18.63422605
   2.93000000   18.72763050
   2.93500000   18.82150314
   2.94000000   18.91584631
   2.94500000   19.01066239
   2.95000000   19.10595373
   2.95500000   19.20172272
   2.96000000   19.29797176
   2.96500000   19.39470324
   2.97000000   19.49191960
   2.97500000   19.58962325
   2.98000000   19.68781664
   2.98500000   19.78650224
   2.99000000   19.88568249
   2.99500000   19.98535989
   3.00000000   20.08553692
   3.00500000   20.18621610
   3.01000000   20.28739993
   3.01500000   20.38909094
   3.02000000   20.49129168
   3.02500000   20.59400471
   3.03000000   20.69723259
   3.03500000   20.80097790
   3.04000000   20.90524324
   3.04500000   21.01003120
   3.05000000   21.11534442
   3.05500000   21.22118553
   3.06000000   21.32755716
   3.06500000   21.43446199
   3.07000000   21.54190268
   3.07500000   21.64988191
   3.08000000   21.75840240
   3.08500000   21.86746684
   3.09000000   21.97707798
   3.09500000   22.08723854
   3.10000000   22.19795128
   3.10500000   22.30921898
   3.11000000   22.42104440
   3.11500000   22.53343035
   3.12000000   22.64637964
   3.12500000   22.75989509
   3.13000000   22.87397954
   3.13500000   22.98863584
   3.14000000   23.10386686
   3.14500000   23.21967547
   3.15000000   23.33606458
   3.15500000   23.45303709
   3.16000000   23.57059593
   3.16500000   23.68874403
   3.17000000   23.80748436
   3.17500000   23.92681987
   3.18000000   24.04675355
   3.18500000   24.16728841
   3.19000000   24.28842744
   3.19500000   24.41017369
   3.20000000   24.53253020
   3.20500000   24.65550002
   3.21000000   24.77908622
   3.21500000   24.90329191
   3.22000000   25.02812018
   3.22500000   25.15357416
   3.23000000   25.27965697
   3.23500000   25.40637178
   3.24000000   25.53372175
   3.24500000   25.66171006
   3.25000000   25.79033992
   3.25500000   25.91961453
   3.26000000   26.04953714
   3.26500000   26.18011099
   3.27000000   26.31133934
   3.27500000   26.44322548
   3.28000000   26.57577270
   3.28500000   26.70898431
   3.29000000   26.84286366
   3.29500000   26.97741407
   3.30000000   27.11263892
   3.30500000   27.24854159
   3.31000000   27.38512547
   3.31500000   27.52239398
   3.32000000   27.66035056
   3.32500000   27.79899864
   3.33000000   27.93834170
   3.33500000   28.07838322
   3.34000000   28.21912671
   3.34500000   28.36057567
   3.35000000   28.50273364
   3.35500000   28.64560419
   3.36000000   28.78919088
   3.36500000   28.93349730
   3.37000000   29.07852706
   3.37500000   29.22428378
   3.38000000   29.37077111
   3.38500000   29.51799272
   3.39000000   29.66595227
   3.39500000   29.81465347
   3.40000000   29.96410005
   3.40500000   30.11429572
   3.41000000   30.26524426
   3.41500000   30.41694943
   3.42000000   30.56941502
   3.42500000   30.72264485
   3.43000000   30.87664275
   3.43500000   31.03141257
   3.44000000   31.18695817
   3.44500000   31.34328345
   3.45000000   31.50039231
   3.45500000   31.65828868
   3.46000000   31.81697651
   3.46500000   31.97645977
   3.47000000   32.13674244
   3.47500000   32.29782854
   3.48000000   32.45972208
   3.48500000   32.62242711
   3.49000000   32.78594771
   3.49500000   32.95028795
   3.50000000   33.11545196
   3.50500000   33.28144385
   3.51000000   33.44826778
   3.51500000   33.61592792
   3.52000000   33.78442846
   3.52500000   33.95377362
   3.53000000   34.12396761
   3.53500000   34.29501471
   3.54000000   34.46691919
   3.54500000   34.63968534
   3.55000000   34.81331749
   3.55500000   34.98781997
   3.56000000   35.16319715
   3.56500000   35.33945340
   3.57000000   35.51659315
   3.57500000   35.69462082
   3.58000000   35.87354085
   3.58500000   36.05335772
   3.59000000   36.23407593
   3.59500000   36.41569999
   3.60000000   36.59823444
   3.60500000   36.78168386
   3.61000000   36.96605281
   3.61500000   37.15134593
   3.62000000   37.33756782
   3.62500000   37.52472316
   3.63000000   37.71281662
   3.63500000   37.90185290
   3.64000000   38.09183673
   3.64500000   38.28277285
   3.65000000   38.47466605
   3.65500000   38.66752112
   3.66000000   38.86134287
   3.66500000   39.05613616
   3.67000000   39.25190586
   3.67500000   39.44865686
   3.68000000   39.64639407
   3.68500000   39.84512245
   3.69000000   40.04484696
   3.69500000   40.24557259
   3.70000000   40.44730436
   3.70500000   40.65004732
   3.71000000   40.85380653
   3.71500000   41.05858708
   3.72000000   41.26439411
   3.72500000   41.47123274
   3.73000000   41.67910816
   3.73500000   41.88802556
   3.74000000   42.09799016
   3.74500000   42.30900722
   3.75000000   42.52108200
   3.75500000   42.73421981
   3.76000000   42.94842598
   3.76500000   43.16370586
   3.77000000   43.38006484
   3.77500000   43.59750832
   3.78000000   43.81604174
   3.78500000   44.03567056
   3.79000000   44.25640028
   3.79500000   44.47823641
   3.80000000   44.70118449
   3.80500000   44.92525011
   3.81000000   45.15043887
   3.81500000   45.37675638
   3.82000000   45.60420832
   3.82500000   45.83280037
   3.83000000   46.06253823
   3.83500000   46.29342767
   3.84000000   46.52547444
   3.84500000   46.75868435
   3.85000000   46.99306323
   3.85500000   47.22861694
   3.86000000   47.46535137
   3.86500000   47.70327243
   3.87000000   47.94238608
   3.87500000   48.18269829
   3.88000000   48.42421507
   3.88500000   48.66694246
   3.89000000   48.91088652
   3.89500000   49.15605336
   3.90000000   49.40244911
   3.90500000   49.65007991
   3.91000000   49.89895197
   3.91500000   50.14907151
   3.92000000   50.40044478
   3.92500000   50.65307806
   3.93000000   50.90697767
   3.93500000   51.16214996
   3.94000000   51.41860130
   3.94500000   51.67633811
   3.95000000   51.93536683
   3.95500000   52.19569394
   3.96000000   52.45732595
   3.96500000   52.72026939
   3.97000000   52.98453084
   3.97500000   53.25011691
   3.98000000   53.51703423
   3.98500000   53.78528948
   3.99000000   54.05488936
   3.99500000   54.32584062
   4.00000000   54.59815003
   4.00500000   54.87182440
   4.01000000   55.14687056
   4.01500000   55.42329540
   4.02000000   55.70110583
   4.02500000   55.98030878
   4.03000000   56.26091125
   4.03500000   56.54292024
   4.04000000   56.82634281
   4.04500000   57.11118603
   4.05000000   57.39745705
   4.05500000   57.68516300
   4.06000000   57.97431108
   4.06500000   58.26490852
   4.07000000   58.55696259
   4.07500000   58.85048059
   4.08000000   59.14546985
   4.08500000   59.44193775
   4.09000000   59.73989170
   4.09500000   60.03933916
   4.10000000   60.34028760
   4.10500000   60.64274455
   4.11000000   60.94671757
   4.11500000   61.25221426
   4.12000000   61.55924226
   4.12500000   61.86780925
   4.13000000   62.17792293
   4.13500000   62.48959107
   4.14000000   62.80282145
   4.14500000   63.11762190
   4.15000000   63.43400030
   4.15500000   63.75196455
   4.16000000   64.07152260
   4.16500000   64.39268244
   4.17000000   64.71545211
   4.17500000   65.03983966
   4.18000000   65.36585321
   4.18500000   65.69350092
   4.19000000   66.02279096
   4.19500000   66.35373158
   4.20000000   66.68633104
   4.20500000   67.02059767
   4.21000000   67.35653981
   4.21500000   67.69416587
   4.22000000   68.03348429
   4.22500000   68.37450355
   4.23000000   68.71723217
   4.23500000   69.06167873
   4.24000000   69.40785184
   4.24500000   69.75576014
   4.25000000   70.10541235
   4.25500000   70.45681719
   4.26000000   70.80998345
   4.26500000   71.16491997
   4.27000000   71.52163562
   4.27500000   71.88013931
   4.28000000   72.24044001
   4.28500000   72.60254672
   4.29000000   72.96646850
   4.29500000   73.33221445
   4.30000000   73.69979370
   4.30500000   74.06921545
   4.31000000   74.44048894
   4.31500000   74.81362344
   4.32000000   75.18862829
   4.32500000   75.56551286
   4.33000000   75.94428657
   4.33500000   76.32495889
   4.34000000   76.70753934
   4.34500000   77.09203748
   4.35000000   77.47846293
   4.35500000   77.86682534
   4.36000000   78.25713442
   4.36500000   78.64939994
   4.37000000   79.04363170
   4.37500000   79.43983955
   4.38000000   79.83803341
   4.38500000   80.23822321
   4.39000000   80.64041898
   4.39500000   81.04463076
   4.40000000   81.45086866
   4.40500000   81.85914284
   4.41000000   82.26946350
   4.41500000   82.68184091
   4.42000000   83.09628536
   4.42500000   83.51280722
   4.43000000   83.93141691
   4.43500000   84.35212489
   4.44000000   84.77494167
   4.44500000   85.19987784
   4.45000000   85.62694400
   4.45500000   86.05615085
   4.46000000   86.48750910
   4.46500000   86.92102954
   4.47000000   87.35672301
   4.47500000   87.79460041
   4.48000000   88.23467268
   4.48500000   88.67695081
   4.49000000   89.12144588
   4.49500000   89.56816899
   4.50000000   90.01713130
   4.50500000   90.46834405
   4.51000000   90.92181851
   4.51500000   91.37756602
   4.52000000   91.83559798
   4.52500000   92.29592583
   4.53000000   92.75856108
   4.53500000   93.22351530
   4.54000000   93.69080012
   4.54500000   94.16042721
   4.55000000   94.63240831
   4.55500000   95.10675524
   4.56000000   95.58347983
   4.56500000   96.06259402
   4.57000000   96.54410977
   4.57500000   97.02803914
   4.58000000   97.51439421
   4.58500000   98.00318714
   4.59000000   98.49443016
   4.59500000   98.98813555
   4.60000000   99.48431564
   4.60500000   99.98298285
   4.61000000  100.48414964
   4.61500000  100.98782853
   4.62000000  101.49403213
   4.62500000  102.00277308
   4.63000000  102.51406411
   4.63500000  103.02791800
   4.64000000  103.54434758
   4.64500000  104.06336579
   4.65000000  104.58498558
   4.65500000  105.10922000
   4.66000000  105.63608216
   4.66500000  106.16558522
   4.67000000  106.69774243
   4.67500000  107.23256709
   4.68000000  107.77007257
   4.68500000  108.31027231
   4.69000000  108.85317981
   4.69500000  109.39880864
   4.70000000  109.94717245
   4.70500000  110.49828495
   4.71000000  111.05215991
   4.71500000  111.60881117
   4.72000000  112.16825267
   4.72500000  112.73049837
   4.73000000  113.29556235
   4.73500000  113.86345872
   4.74000000  114.43420168
   4.74500000  115.00780550
   4.75000000  115.58428453
   4.75500000  116.16365316
   4.76000000  116.74592590
   4.76500000  117.33111729
   4.77000000  117.91924196
   4.77500000  118.51031462
   4.78000000  119.10435004
   4.78500000  119.70136308
   4.79000000  120.30136866
   4.79500000  120.90438178
   4.80000000  121.51041752
   4.80500000  122.11949102
   4.81000000  122.73161752
   4.81500000  123.34681231
   4.82000000  123.96509078
   4.82500000  124.58646838
   4.83000000  125.21096065
   4.83500000  125.83858321
   4.84000000  126.46935173
   4.84500000  127.10328199
   4.85000000  127.74038985
   4.85500000  128.38069121
   4.86000000  129.02420211
   4.86500000  129.67093861
   4.87000000  130.32091690
   4.87500000  130.97415321
   4.88000000  131.63066389
   4.88500000  132.29046533
   4.89000000  132.95357405
   4.89500000  133.62000661
   4.90000000  134.28977968
   4.90500000  134.96291001
   4.91000000  135.63941441
   4.91500000  136.31930980
   4.92000000  137.00261319
   4.92500000  137.68934164
   4.93000000  138.37951234
   4.93500000  139.07314253
   4.94000000  139.77024956
   4.94500000  140.47085085
   4.95000000  141.17496392
   4.95500000  141.88260637
   4.96000000  142.59379590
   4.96500000  143.30855027
   4.97000000  144.02688737
   4.97500000  144.74882515
   4.98000000  145.47438165
   4.98500000  146.20357503
   4.99000000  146.93642350
   4.99500000  147.67294538
   5.00000000  148.41315910
   5.00500000  149.15708316
   5.01000000  149.90473615
   5.01500000  150.65613677
   5.02000000  151.41130379
   5.02500000  152.17025611
   5.03000000  152.93301270
   5.03500000  153.69959261
   5.04000000  154.47001503
   5.04500000  155.24429920
   5.05000000  156.02246449
   5.05500000  156.80453034
   5.06000000  157.59051632
   5.06500000  158.38044207
   5.07000000  159.17432734
   5.07500000  159.97219198
   5.08000000  160.77405593
   5.08500000  161.57993924
   5.09000000  162.38986205
   5.09500000  163.20384462
   5.10000000  164.02190730
   5.10500000  164.84407053
   5.11000000  165.67035487
   5.11500000  166.50078098
   5.12000000  167.33536962
   5.12500000  168.17414165
   5.13000000  169.01711804
   5.13500000  169.86431987
   5.14000000  170.71576832
   5.14500000  171.57148467
   5.15000000  172.43149032
   5.15500000  173.29580676
   5.16000000  174.16445561
   5.16500000  175.03745857
   5.17000000  175.91483748
   5.17500000  176.79661428
   5.18000000  177.68281099
   5.18500000  178.57344979
   5.19000000  179.46855293
   5.19500000  180.36814280
   5.20000000  181.27224188
   5.20500000  182.18087277
   5.21000000  183.09405819
   5.21500000  184.01182098
   5.22000000  184.93418407
   5.22500000  185.86117053
   5.23000000  186.79280352
   5.23500000  187.72910634
   5.24000000  188.67010241
   5.24500000  189.61581523
   5.25000000  190.56626846
   5.25500000  191.52148585
   5.26000000  192.48149130
   5.26500000  193.44630879
   5.27000000  194.41596245
   5.27500000  195.39047651
   5.28000000  196.36987535
   5.28500000  197.35418345
   5.29000000  198.34342541
   5.29500000  199.33762597
   5.30000000  200.33680997
   5.30500000  201.34100241
   5.31000000  202.35022839
   5.31500000  203.36451313
   5.32000000  204.38388199
   5.32500000  205.40836046
   5.33000000  206.43797416
   5.33500000  207.47274881
   5.34000000  208.51271029
   5.34500000  209.55788460
   5.35000000  210.60829787
   5.35500000  211.66397635
   5.36000000  212.72494645
   5.36500000  213.79123468
   5.37000000  214.86286770
   5.37500000  215.93987231
   5.38000000  217.02227542
   5.38500000  218.11010411
   5.39000000  219.20338555
   5.39500000  220.30214710
   5.40000000  221.40641620
   5.40500000  222.51622048
   5.41000000  223.63158768
   5.41500000  224.75254568
   5.42000000  225.87912250
   5.42500000  227.01134632
   5.43000000  228.14924542
   5.43500000  229.29284828
   5.44000000  230.44218346
   5.44500000  231.59727971
   5.45000000  232.75816591
   5.45500000  233.92487107
   5.46000000  235.09742437
   5.46500000  236.27585511
   5.47000000  237.46019276
   5.47500000  238.65046693
   5.48000000  239.84670737
   5.48500000  241.04894400
   5.49000000  242.25720686
   5.49500000  243.47152616
   5.50000000  244.69193226
   5.50500000  245.91845568
   5.51000000  247.15112707
   5.51500000  248.38997725
   5.52000000  249.63503719
   5.52500000  250.88633802
   5.53000000  252.14391102
   5.53500000  253.40778764
   5.54000000  254.67799946
   5.54500000  255.95457824
   5.55000000  257.23755591
   5.55500000  258.52696452
   5.56000000  259.82283632
   5.56500000  261.12520371
   5.57000000  262.43409924
   5.57500000  263.74955564
   5.58000000  265.07160579
   5.58500000  266.40028274
   5.59000000  267.73561971
   5.59500000  269.07765009
   5.60000000  270.42640743
   5.60500000  271.78192543
   5.61000000  273.14423800
   5.61500000  274.51337920
   5.62000000  275.88938323
   5.62500000  277.27228452
   5.63000000  278.66211763
   5.63500000  280.05891731
   5.64000000  281.46271848
   5.64500000  282.87355622
   5.65000000  284.29146582
   5.65500000  285.71648273
   5.66000000  287.14864256
   5.66500000  288.58798112
   5.67000000  290.03453439
   5.67500000  291.48833855
   5.68000000  292.94942992
   5.68500000  294.41784505
   5.69000000  295.89362064
   5.69500000  297.37679359
   5.70000000  298.86740097
   5.70500000  300.36548005
   5.71000000  301.87106828
   5.71500000  303.38420331
   5.72000000  304.90492296
   5.72500000  306.43326524
   5.73000000  307.96926838
   5.73500000  309.51297076
   5.74000000  311.06441098
   5.74500000  312.62362783
   5.75000000  314.19066029
   5.75500000  315.76554752
   5.76000000  317.34832892
   5.76500000  318.93904404
   5.77000000  320.53773265
   5.77500000  322.14443472
   5.78000000  323.75919042
   5.78500000  325.38204011
   5.79000000  327.01302438
   5.79500000  328.65218398
   5.80000000  330.29955991
   5.80500000  331.95519334
   5.81000000  333.61912567
   5.81500000  335.29139850
   5.82000000  336.97205363
   5.82500000  338.66113308
   5.83000000  340.35867907
   5.83500000  342.06473405
   5.84000000  343.77934066
   5.84500000  345.50254178
   5.85000000  347.23438048
   5.85500000  348.97490005
   5.86000000  350.72414402
   5.86500000  352.48215611
   5.87000000  354.24898027
   5.87500000  356.02466067
   5.88000000  357.80924171
   5.88500000  359.60276800
   5.89000000  361.40528437
   5.89500000  363.21683590
   5.90000000  365.03746787
   5.90500000  366.86722579
   5.91000000  368.70615541
   5.91500000  370.55430270
   5.92000000  372.41171388
   5.92500000  374.27843536
   5.93000000  376.15451382
   5.93500000  378.03999617
   5.94000000  379.93492954
   5.94500000  381.83936130
   5.95000000  383.75333906
   5.95500000  385.67691068
   5.96000000  387.61012424
   5.96500000  389.55302807
   5.97000000  391.50567075
   5.97500000  393.46810109
   5.98000000  395.44036816
   5.98500000  397.42252125
   5.99000000  399.41460993
   5.99500000  401.41668399
   6.00000000  403.42879349
   6.00500000  405.45098874
   6.01000000  407.48332027
   6.01500000  409.52583892
   6.02000000  411.57859573
   6.02500000  413.64164202
   6.03000000  415.71502938
   6.03500000  417.79880964
   6.04000000  419.89303489
   6.04500000  421.99775748
   6.05000000  424.11303004
   6.05500000  426.23890545
   6.06000000  428.37543686
   6.06500000  430.52267767
   6.07000000  432.68068157
   6.07500000  434.84950252
   6.08000000  437.02919472
   6.08500000  439.21981267
   6.09000000  441.42141115
   6.09500000  443.63404518
   6.10000000  445.85777008
   6.10500000  448.09264146
   6.11000000  450.33871517
   6.11500000  452.59604737
   6.12000000  454.86469450
   6.12500000  457.14471327
   6.13000000  459.43616068
   6.13500000  461.73909402
   6.14000000  464.05357086
   6.14500000  466.37964906
   6.15000000  468.71738678
   6.15500000  471.06684246
   6.16000000  473.42807483
   6.16500000  475.80114294
   6.17000000  478.18610609
   6.17500000  480.58302392
   6.18000000  482.99195635
   6.18500000  485.41296361
   6.19000000  487.84610621
   6.19500000  490.29144500
   6.20000000  492.74904109
   6.20500000  495.21895594
   6.21000000  497.70125129
   6.21500000  500.19598919
   6.22000000  502.70323202
   6.22500000  505.22304246
   6.23000000  507.75548350
   6.23500000  510.30061845
   6.24000000  512.85851094
   6.24500000  515.42922493
   6.25000000  518.01282467
   6.25500000  520.60937476
   6.26000000  523.21894011
   6.26500000  525.84158596
   6.27000000  528.47737788
   6.27500000  531.12638176
   6.28000000  533.78866383
   6.28500000  536.46429064
   6.29000000  539.15332908
   6.29500000  541.85584639
   6.30000000  544.57191013
   6.30500000  547.30158818
   6.31000000  550.04494881
   6.31500000  552.80206059
   6.32000000  555.57299245
   6.32500000  558.35781366
   6.33000000  561.15659385
   6.33500000  563.96940299
   6.34000000  566.79631138
   6.34500000  569.63738972
   6.35000000  572.49270901
   6.35500000  575.36234066
   6.36000000  578.24635639
   6.36500000  581.14482832
   6.37000000  584.05782889
   6.37500000  586.98543094
   6.38000000  589.92770766
   6.38500000  592.88473260
   6.39000000  595.85657969
   6.39500000  598.84332322
   6.40000000  601.84503787
   6.40500000  604.86179868
   6.41000000  607.89368106
   6.41500000  610.94076082
   6.42000000  614.00311413
   6.42500000  617.08081754
   6.43000000  620.17394801
   6.43500000  623.28258286
   6.44000000  626.40679981
   6.44500000  629.54667696
   6.45000000  632.70229281
   6.45500000  635.87372625
   6.46000000  639.06105657
   6.46500000  642.26436345
   6.47000000  645.48372696
   6.47500000  648.71922761
   6.48000000  651.97094627
   6.48500000  655.23896424
   6.49000000  658.52336322
   6.49500000  661.82422531
   6.50000000  665.14163304
   6.50500000  668.47566935
   6.51000000  671.82641759
   6.51500000  675.19396152
   6.52000000  678.57838534
   6.52500000  681.97977365
   6.53000000  685.39821149
   6.53500000  688.83378432
   6.54000000  692.28657804
   6.54500000  695.75667895
   6.55000000  699.24417382
   6.55500000  702.74914982
   6.56000000  706.27169460
   6.56500000  709.81189620
   6.57000000  713.36984313
   6.57500000  716.94562435
   6.58000000  720.53932925
   6.58500000  724.15104767
   6.59000000  727.78086990
   6.59500000  731.42888669
   6.60000000  735.09518924
   6.60500000  738.77986921
   6.61000000  742.48301872
   6.61500000  746.20473034
   6.62000000  749.94509711
   6.62500000  753.70421255
   6.63000000  757.48217064
   6.63500000  761.27906582
   6.64000000  765.09499302
   6.64500000  768.93004763
   6.65000000  772.78432554
   6.65500000  776.65792309
   6.66000000  780.55093713
   6.66500000  784.46346498
   6.67000000  788.39560446
   6.67500000  792.34745388
   6.68000000  796.31911202
   6.68500000  800.31067818
   6.69000000  804.32225214
   6.69500000  808.35393421
   6.70000000  812.40582517
   6.70500000  816.47802631
   6.71000000  820.57063945
   6.71500000  824.68376690
   6.72000000  828.81751148
   6.72500000  832.97197655
   6.73000000  837.14726595
   6.73500000  841.34348409
   6.74000000  845.56073585
   6.74500000  849.79912668
   6.75000000  854.05876253
   6.75500000  858.33974989
   6.76000000  862.64219579
   6.76500000  866.96620779
   6.77000000  871.31189399
   6.77500000  875.67936303
   6.78000000  880.06872411
   6.78500000  884.48008694
   6.79000000  888.91356183
   6.79500000  893.36925960
   6.80000000  897.84729165
   6.80500000  902.34776993
   6.81000000  906.87080695
   6.81500000  911.41651578
   6.82000000  915.98501008
   6.82500000  920.57640405
   6.83000000  925.19081248
   6.83500000  929.82835073
   6.84000000  934.48913473
   6.84500000  939.17328101
   6.85000000  943.88090667
   6.85500000  948.61212940
   6.86000000  953.36706749
   6.86500000  958.14583980
   6.87000000  962.94856581
   6.87500000  967.77536558
   6.88000000  972.62635979
   6.88500000  977.50166971
   6.89000000  982.40141722
   6.89500000  987.32572481
   6.90000000  992.27471560
   6.90500000  997.24851332
   6.91000000 1002.24724229
   6.91500000 1007.27102750
   6.92000000 1012.31999453
   6.92500000 1017.39426962
   6.93000000 1022.49397962
   6.93500000 1027.61925202
   6.94000000 1032.77021496
   6.94500000 1037.94699721
   6.95000000 1043.14972818
   6.95500000 1048.37853795
   6.96000000 1053.63355724
   6.96500000 1058.91491743
   6.97000000 1064.22275054
   6.97500000 1069.55718927
   6.98000000 1074.91836700
   6.98500000 1080.30641773
   6.99000000 1085.72147619
   6.99500000 1091.16367773
   7.00000000 1096.63315843
   7.00500000 1102.13005501
   7.01000000 1107.65450490
   7.01500000 1113.20664621
   7.02000000 1118.78661775
   7.02500000 1124.39455901
   7.03000000 1130.03061019
   7.03500000 1135.69491219
   7.04000000 1141.38760663
   7.04500000 1147.10883582
   7.05000000 1152.85874278
   7.05500000 1158.63747128
   7.06000000 1164.44516577
   7.06500000 1170.28197146
   7.07000000 1176.14803425
   7.07500000 1182.04350080
   7.08000000 1187.96851851
   7.08500000 1193.92323549
   7.09000000 1199.90780061
   7.09500000 1205.92236349
   7.10000000 1211.96707449
   7.10500000 1218.04208473
   7.11000000 1224.14754609
   7.11500000 1230.28361120
   7.12000000 1236.45043347
   7.12500000 1242.64816705
   7.13000000 1248.87696691
   7.13500000 1255.13698876
   7.14000000 1261.42838910
   7.14500000 1267.75132521
   7.15000000 1274.10595517
   7.15500000 1280.49243785
   7.16000000 1286.91093291
   7.16500000 1293.36160080
   7.17000000 1299.84460280
   7.17500000 1306.36010099
   7.18000000 1312.90825825
   7.18500000 1319.48923828
   7.19000000 1326.10320561
   7.19500000 1332.75032559
   7.20000000 1339.43076439
   7.20500000 1346.14468904
   7.21000000 1352.89226737
   7.21500000 1359.67366808
   7.22000000 1366.48906071
   7.22500000 1373.33861563
   7.23000000 1380.22250409
   7.23500000 1387.14089818
   7.24000000 1394.09397087
   7.24500000 1401.08189598
   7.25000000 1408.10484820
   7.25500000 1415.16300313
   7.26000000 1422.25653720
   7.26500000 1429.38562776
   7.27000000 1436.55045304
   7.27500000 1443.75119215
   7.28000000 1450.98802511
   7.28500000 1458.26113286
   7.29000000 1465.57069720
   7.29500000 1472.91690089
   7.30000000 1480.29992758
   7.30500000 1487.71996185
   7.31000000 1495.17718919
   7.31500000 1502.67179604
   7.32000000 1510.20396976
   7.32500000 1517.77389866
   7.33000000 1525.38177199
   7.33500000 1533.02777994
   7.34000000 1540.71211367
   7.34500000 1548.43496527
   7.35000000 1556.19652784
   7.35500000 1563.99699539
   7.36000000 1571.83656296
   7.36500000 1579.71542652
   7.37000000 1587.63378304
   7.37500000 1595.59183050
   7.38000000 1603.58976783
   7.38500000 1611.62779499
   7.39000000 1619.70611293
   7.39500000 1627.82492361
   7.40000000 1635.98443000
   7.40500000 1644.18483608
   7.41000000 1652.42634686
   7.41500000 1660.70916840
   7.42000000 1669.03350774
   7.42500000 1677.39957302
   7.43000000 1685.80757337
   7.43500000 1694.25771899
   7.44000000 1702.75022115
   7.44500000 1711.28529215
   7.45000000 1719.86314538
   7.45500000 1728.48399527
   7.46000000 1737.14805735
   7.46500000 1745.85554822
   7.47000000 1754.60668557
   7.47500000 1763.40168819
   7.48000000 1772.24077593
   7.48500000 1781.12416979
   7.49000000 1790.05209184
   7.49500000 1799.02476529
   7.50000000 1808.04241446
   7.50500000 1817.10526477
   7.51000000 1826.21354282
   7.51500000 1835.36747629
   7.52000000 1844.56729405
   7.52500000 1853.81322609
   7.53000000 1863.10550356
   7.53500000 1872.44435876
   7.54000000 1881.83002516
   7.54500000 1891.26273742
   7.55000000 1900.74273134
   7.55500000 1910.27024393
   7.56000000 1919.84551337
   7.56500000 1929.46877906
   7.57000000 1939.14028156
   7.57500000 1948.86026267
   7.58000000 1958.62896539
   7.58500000 1968.44663393
   7.59000000 1978.31351375
   7.59500000 1988.22985150
   7.60000000 1998.19589510
   7.60500000 2008.21189371
   7.61000000 2018.27809772
   7.61500000 2028.39475878
   7.62000000 2038.56212982
   7.62500000 2048.78046502
   7.63000000 2059.05001984
   7.63500000 2069.37105101
   7.64000000 2079.74381657
   7.64500000 2090.16857583
   7.65000000 2100.64558942
   7.65500000 2111.17511926
   7.66000000 2121.75742858
   7.66500000 2132.39278195
   7.67000000 2143.08144525
   7.67500000 2153.82368570
   7.68000000 2164.61977185
   7.68500000 2175.46997361
   7.69000000 2186.37456223
   7.69500000 2197.33381033
   7.70000000 2208.34799189
   7.70500000 2219.41738226
   7.71000000 2230.54225819
   7.71500000 2241.72289778
   7.72000000 2252.95958057
   7.72500000 2264.25258746
   7.73000000 2275.60220079
   7.73500000 2287.00870429
   7.74000000 2298.47238312
   7.74500000 2309.99352389
   7.75000000 2321.57241461
   7.75500000 2333.20934477
   7.76000000 2344.90460528
   7.76500000 2356.65848852
   7.77000000 2368.47128836
   7.77500000 2380.34330009
   7.78000000 2392.27482054
   7.78500000 2404.26614798
   7.79000000 2416.31758219
   7.79500000 2428.42942448
   7.80000000 2440.60197762
   7.80500000 2452.83554595
   7.81000000 2465.13043529
   7.81500000 2477.48695301
   7.82000000 2489.90540804
   7.82500000 2502.38611084
   7.83000000 2514.92937342
   7.83500000 2527.53550936
   7.84000000 2540.20483383
   7.84500000 2552.93766354
   7.85000000 2565.73431683
   7.85500000 2578.59511362
   7.86000000 2591.52037541
   7.86500000 2604.51042535
   7.87000000 2617.56558819
   7.87500000 2630.68619030
   7.88000000 2643.87255970
   7.88500000 2657.12502606
   7.89000000 2670.44392068
   7.89500000 2683.82957653
   7.90000000 2697.28232827
   7.90500000 2710.80251220
   7.91000000 2724.39046634
   7.91500000 2738.04653038
   7.92000000 2751.77104573
   7.92500000 2765.56435550
   7.93000000 2779.42680452
   7.93500000 2793.35873935
   7.94000000 2807.36050830
   7.94500000 2821.43246141
   7.95000000 2835.57495047
   7.95500000 2849.78832906
   7.96000000 2864.07295251
   7.96500000 2878.42917792
   7.97000000 2892.85736422
   7.97500000 2907.35787210
   7.98000000 2921.93106408
   7.98500000 2936.57730449
   7.99000000 2951.29695948
   7.99500000 2966.09039706
   8.00000000 2980.95798704
   8.00500000 2995.90010113
   8.01000000 3010.91711288
   8.01500000 3026.00939772
   8.02000000 3041.17733294
   8.02500000 3056.42129776
   8.03000000 3071.74167327
   8.03500000 3087.13884248
   8.04000000 3102.61319033
   8.04500000 3118.16510366
   8.05000000 3133.79497129
   8.05500000 3149.50318395
   8.06000000 3165.29013436
   8.06500000 3181.15621718
   8.07000000 3197.10182908
   8.07500000 3213.12736868
   8.08000000 3229.23323664
   8.08500000 3245.41983560
   8.09000000 3261.68757023
   8.09500000 3278.03684721
   8.10000000 3294.46807528
   8.10500000 3310.98166523
   8.11000000 3327.57802989
   8.11500000 3344.25758418
   8.12000000 3361.02074508
   8.12500000 3377.86793167
   8.13000000 3394.79956514
   8.13500000 3411.81606877
   8.14000000 3428.91786799
   8.14500000 3446.10539033
   8.15000000 3463.37906548
   8.15500000 3480.73932529
   8.16000000 3498.18660376
   8.16500000 3515.72133708
   8.17000000 3533.34396362
   8.17500000 3551.05492394
   8.18000000 3568.85466082
   8.18500000 3586.74361925
   8.19000000 3604.72224646
   8.19500000 3622.79099192
   8.20000000 3640.95030733
   8.20500000 3659.20064670
   8.21000000 3677.54246627
   8.21500000 3695.97622459
   8.22000000 3714.50238251
   8.22500000 3733.12140319
   8.23000000 3751.83375209
   8.23500000 3770.63989703
   8.24000000 3789.54030817
   8.24500000 3808.53545801
   8.25000000 3827.62582144
   8.25500000 3846.81187571
   8.26000000 3866.09410048
   8.26500000 3885.47297780
   8.27000000 3904.94899215
   8.27500000 3924.52263043
   8.28000000 3944.19438198
   8.28500000 3963.96473859
   8.29000000 3983.83419453
   8.29500000 4003.80324653
   8.30000000 4023.87239382
   8.30500000 4044.04213813
   8.31000000 4064.31298371
   8.31500000 4084.68543732
   8.32000000 4105.16000827
   8.32500000 4125.73720845
   8.33000000 4146.41755226
   8.33500000 4167.20155674
   8.34000000 4188.08974147
   8.34500000 4209.08262866
   8.35000000 4230.18074313
   8.35500000 4251.38461234
   8.36000000 4272.69476640
   8.36500000 4294.11173804
   8.37000000 4315.63606270
   8.37500000 4337.26827848
   8.38000000 4359.00892620
   8.38500000 4380.85854937
   8.39000000 4402.81769423
   8.39500000 4424.88690976
   8.40000000 4447.06674770
   8.40500000 4469.35776254
   8.41000000 4491.76051155
   8.41500000 4514.27555481
   8.42000000 4536.90345519
   8.42500000 4559.64477840
   8.43000000 4582.50009296
   8.43500000 4605.46997027
   8.44000000 4628.55498456
   8.44500000 4651.75571297
   8.45000000 4675.07273551
   8.45500000 4698.50663512
   8.46000000 4722.05799763
   8.46500000 4745.72741185
   8.47000000 4769.51546949
   8.47500000 4793.42276527
   8.48000000 4817.44989687
   8.48500000 4841.59746497
   8.49000000 4865.86607325
   8.49500000 4890.25632844
   8.50000000 4914.76884030
   8.50500000 4939.40422163
   8.51000000 4964.16308832
   8.51500000 4989.04605935
   8.52000000 5014.05375679
   8.52500000 5039.18680584
   8.53000000 5064.44583482
   8.53500000 5089.83147521
   8.54000000 5115.34436165
   8.54500000 5140.98513196
   8.55000000 5166.75442718
   8.55500000 5192.65289152
   8.56000000 5218.68117245
   8.56500000 5244.83992069
   8.57000000 5271.12979019
   8.57500000 5297.55143822
   8.58000000 5324.10552531
   8.58500000 5350.79271531
   8.59000000 5377.61367541
   8.59500000 5404.56907613
   8.60000000 5431.65959136
   8.60500000 5458.88589837
   8.61000000 5486.24867780
   8.61500000 5513.74861374
   8.62000000 5541.38639368
   8.62500000 5569.16270857
   8.63000000 5597.07825281
   8.63500000 5625.13372431
   8.64000000 5653.32982444
   8.64500000 5681.66725811
   8.65000000 5710.14673375
   8.65500000 5738.76896337
   8.66000000 5767.53466250
   8.66500000 5796.44455031
   8.67000000 5825.49934952
   8.67500000 5854.69978653
   8.68000000 5884.04659134
   8.68500000 5913.54049761
   8.69000000 5943.18224271
   8.69500000 5972.97256767
   8.70000000 6002.91221726
   8.70500000 6033.00193997
   8.71000000 6063.24248804
   8.71500000 6093.63461748
   8.72000000 6124.17908811
   8.72500000 6154.87666354
   8.73000000 6185.72811120
   8.73500000 6216.73420239
   8.74000000 6247.89571226
   8.74500000 6279.21341984
   8.75000000 6310.68810809
   8.75500000 6342.32056387
   8.76000000 6374.11157799
   8.76500000 6406.06194524
   8.77000000 6438.17246436
   8.77500000 6470.44393814
   8.78000000 6502.87717335
   8.78500000 6535.47298082
   8.79000000 6568.23217547
   8.79500000 6601.15557626
   8.80000000 6634.24400628
   8.80500000 6667.49829275
   8.81000000 6700.91926702
   8.81500000 6734.50776462
   8.82000000 6768.26462527
   8.82500000 6802.19069289
   8.83000000 6836.28681562
   8.83500000 6870.55384589
   8.84000000 6904.99264036
   8.84500000 6939.60406000
   8.85000000 6974.38897011
   8.85500000 7009.34824030
   8.86000000 7044.48274457
   8.86500000 7079.79336127
   8.87000000 7115.28097317
   8.87500000 7150.94646747
   8.88000000 7186.79073580
   8.88500000 7222.81467428
   8.89000000 7259.01918349
   8.89500000 7295.40516857
   8.90000000 7331.97353916
   8.90500000 7368.72520946
   8.91000000 7405.66109828
   8.91500000 7442.78212901
   8.92000000 7480.08922969
   8.92500000 7517.58333298
   8.93000000 7555.26537625
   8.93500000 7593.13630155
   8.94000000 7631.19705565
   8.94500000 7669.44859007
   8.95000000 7707.89186111
   8.95500000 7746.52782984
   8.96000000 7785.35746218
   8.96500000 7824.38172886
   8.97000000 7863.60160548
   8.97500000 7903.01807256
   8.98000000 7942.63211550
   8.98500000 7982.44472466
   8.99000000 8022.45689535
   8.99500000 8062.66962788
   9.00000000 8103.08392758
   9.00500000 8143.70080479
   9.01000000 8184.52127494
   9.01500000 8225.54635856
   9.02000000 8266.77708126
   9.02500000 8308.21447382
   9.03000000 8349.85957218
   9.03500000 8391.71341745
   9.04000000 8433.77705601
   9.04500000 8476.05153942
   9.05000000 8518.53792457
   9.05500000 8561.23727361
   9.06000000 8604.15065402
   9.06500000 8647.27913865
   9.07000000 8690.62380571
   9.07500000 8734.18573882
   9.08000000 8777.96602703
   9.08500000 8821.96576484
   9.09000000 8866.18605226
   9.09500000 8910.62799479
   9.10000000 8955.29270348
   9.10500000 9000.18129496
   9.11000000 9045.29489144
   9.11500000 9090.63462076
   9.12000000 9136.20161642
   9.12500000 9181.99701760
   9.13000000 9228.02196918
   9.13500000 9274.27762180
   9.14000000 9320.76513183
   9.14500000 9367.48566148
   9.15000000 9414.44037876
   9.15500000 9461.63045754
   9.16000000 9509.05707757
   9.16500000 9556.72142452
   9.17000000 9604.62469001
   9.17500000 9652.76807162
   9.18000000 9701.15277293
   9.18500000 9749.78000356
   9.19000000 9798.65097920
   9.19500000 9847.76692163
   9.20000000 9897.12905874
   9.20500000 9946.73862460
   9.21000000 9996.59685944
   9.21500000 10046.70500972
   9.22000000 10097.06432815
   9.22500000 10147.67607371
   9.23000000 10198.54151171
   9.23500000 10249.66191377
   9.24000000 10301.03855791
   9.24500000 10352.67272856
   9.25000000 10404.56571656
   9.25500000 10456.71881925
   9.26000000 10509.13334045
   9.26500000 10561.81059053
   9.27000000 10614.75188643
   9.27500000 10667.95855168
   9.28000000 10721.43191645
   9.28500000 10775.17331757
   9.29000000 10829.18409859
   9.29500000 10883.46560977
   9.30000000 10938.01920817
   9.30500000 10992.84625761
   9.31000000 11047.94812878
   9.31500000 11103.32619923
   9.32000000 11158.98185341
   9.32500000 11214.91648272
   9.33000000 11271.13148553
   9.33500000 11327.62826721
   9.34000000 11384.40824018
   9.34500000 11441.47282396
   9.35000000 11498.82344515
   9.35500000 11556.46153753
   9.36000000 11614.38854205
   9.36500000 11672.60590688
   9.37000000 11731.11508747
   9.37500000 11789.91754655
   9.38000000 11849.01475419
   9.38500000 11908.40818781
   9.39000000 11968.09933225
   9.39500000 12028.08967980
   9.40000000 12088.38073022
   9.40500000 12148.97399078
   9.41000000 12209.87097633
   9.41500000 12271.07320929
   9.42000000 12332.58221972
   9.42500000 12394.39954535
   9.43000000 12456.52673161
   9.43500000 12518.96533169
   9.44000000 12581.71690655
   9.44500000 12644.78302499
   9.45000000 12708.16526367
   9.45500000 12771.86520714
   9.46000000 12835.88444790
   9.46500000 12900.22458644
   9.47000000 12964.88723127
   9.47500000 13029.87399896
   9.48000000 13095.18651418
   9.48500000 13160.82640974
   9.49000000 13226.79532664
   9.49500000 13293.09491412
   9.50000000 13359.72682966
   9.50500000 13426.69273907
   9.51000000 13493.99431650
   9.51500000 13561.63324449
   9.52000000 13629.61121401
   9.52500000 13697.92992453
   9.53000000 13766.59108401
   9.53500000 13835.59640898
   9.54000000 13904.94762458
   9.54500000 13974.64646460
   9.55000000 14044.69467150
   9.55500000 14115.09399651
   9.56000000 14185.84619960
   9.56500000 14256.95304958
   9.57000000 14328.41632414
   9.57500000 14400.23780984
   9.58000000 14472.41930224
   9.58500000 14544.96260588
   9.59000000 14617.86953434
   9.59500000 14691.14191030
   9.60000000 14764.78156558
   9.60500000 14838.79034116
   9.61000000 14913.17008727
   9.61500000 14987.92266342
   9.62000000 15063.04993841
   9.62500000 15138.55379043
   9.63000000 15214.43610708
   9.63500000 15290.69878543
   9.64000000 15367.34373205
   9.64500000 15444.37286306
   9.65000000 15521.78810420
   9.65500000 15599.59139085
   9.66000000 15677.78466809
   9.66500000 15756.36989077
   9.67000000 15835.34902351
   9.67500000 15914.72404081
   9.68000000 15994.49692704
   9.68500000 16074.66967652
   9.69000000 16155.24429358
   9.69500000 16236.22279259
   9.70000000 16317.60719802
   9.70500000 16399.39954447
   9.71000000 16481.60187677
   9.71500000 16564.21624997
   9.72000000 16647.24472945
   9.72500000 16730.68939091
   9.73000000 16814.55232047
   9.73500000 16898.83561472
   9.74000000 16983.54138074
   9.74500000 17068.67173617
   9.75000000 17154.22880929
   9.75500000 17240.21473903
   9.76000000 17326.63167503
   9.76500000 17413.48177772
   9.77000000 17500.76721837
   9.77500000 17588.49017910
   9.78000000 17676.65285301
   9.78500000 17765.25744416
   9.79000000 17854.30616767
   9.79500000 17943.80124977
   9.80000000 18033.74492783
   9.80500000 18124.13945045
   9.81000000 18214.98707751
   9.81500000 18306.29008019
   9.82000000 18398.05074107
   9.82500000 18490.27135419
   9.83000000 18582.95422504
   9.83500000 18676.10167073
   9.84000000 18769.71601992
   9.84500000 18863.79961300
   9.85000000 18958.35480205
   9.85500000 19053.38395095
   9.86000000 19148.88943545
   9.86500000 19244.87364318
   9.87000000 19341.33897375
   9.87500000 19438.28783881
   9.88000000 19535.72266207
   9.88500000 19633.64587942
   9.89000000 19732.05993893
   9.89500000 19830.96730097
   9.90000000 19930.37043823
   9.90500000 20030.27183579
   9.91000000 20130.67399119
   9.91500000 20231.57941448
   9.92000000 20332.99062832
   9.92500000 20434.91016797
   9.93000000 20537.34058145
   9.93500000 20640.28442951
   9.94000000 20743.74428576
   9.94500000 20847.72273669
   9.95000000 20952.22238178
   9.95500000 21057.24583352
   9.96000000 21162.79571750
   9.96500000 21268.87467248
   9.97000000 21375.48535043
   9.97500000 21482.63041663
   9.98000000 21590.31254971
   9.98500000 21698.53444173
   9.99000000 21807.29879823
   9.99500000 21916.60833835
